31390.7483042718 4863.20195339378 11117.519723837699 31983.63777050859 4626.087253118172 34110.044034774925 6071.368464838006 24424.303198657428 25202.06490167624
28967.279164365114 38193.609781196035 8843.546201665324 10720.093726248035 7822.287763912504 16912.30236195921 10129.820728463863 33992.39638349827 13697.248542706624
20949.82983256825 7412.034834899139 10850.242264254257 23871.294552713716 30504.96655973468 21353.017571678356 32749.666720877118 18704.59543401134 27573.52850834502
35170.70419317456 20737.61543095903 27045.84391122584 28085.713028823062 38840.35311208083 28196.570102566162 19875.714293273864 24020.46322348172 37809.4329342029
24094.574836876076 27686.628097269193 10004.557332320142 33821.10428376365 37101.373091372516 25609.178902548847 14305.438160306992 23491.07295692852 34469.470110205206
9990.667261530945 38125.024445255825 35249.713081052076 35482.224865799915 3657.191933304115 4575.260940937156 28009.413004585716 15025.515978458714 16311.968785539799
29851.122892881067 17123.05894365661 23543.46177169246 27648.019590335593 34144.08887341237 2758.7584712924363 16167.584010636661 3721.5390238047603 33510.06118549407
32557.264625382075 18348.30542137414 28503.338003037188 11894.627107709197 391.56181176846076 20397.41730770112 16137.99884723356 28527.457024725292 3632.4760511151417
10489.354651292282 8701.730686597743 1919.4764060597881 24086.449248764693 10134.645285350365 14403.170728827681 24990.015625400076 27732.073636567733 16782.753446835937
5244.796194286839 34350.83714965287 35740.367960204465 4873.515524120041 16634.115228558494 32453.480962082343 18203.85772626782 3802.569147099679 37810.85421663316
27547.9527373362 5684.641256254754 20329.73724981301 32883.300229515335 4454.760498314614 25672.77170488402 30475.071092912258 31760.003027950872 27684.376538507426
16205.708278269713 36819.44333155542 15157.063113247706 19516.421884938078 24359.255128441022 37105.72552285877 31991.644283964444 27413.485057662787 25848.458612667535
3906.6961109869735 30486.88376270696 3671.8103680448166 3713.704267692001 32449.865305491192 3261.12148578246 6172.71798750207 39896.14750581333 3551.9341990166577
26375.707406512185 14195.8672863736 5471.094517218047 35693.20239836301 25816.05470993215 32912.366568943755 19632.58810835945 24462.68102549548 2262.3801373651804
22996.69378559727 39901.89829708166 11342.051579264311 21747.03039786621 19012.980155871828 4335.758311006974 10015.674591527399 36405.078811524916 27103.124397549636
2748.3626271925605 18192.95118940822 23002.708006593974 38476.34328297006 30375.787734469566 269.64108749064326 15350.456694780249 20647.35883963763 23999.28893479392
3898.7723493263493 23353.241148608475 22104.161687643777 13909.643538310684 39045.74321924704 28403.545465668958 37639.75556773672 31877.099939191754 31369.98622454533
15557.186738207669 7728.233416149606 11919.220571846334 36275.25611207124 15452.999685718572 36010.74956315601 11546.99877616114 4433.867393612516 38831.50011962815
8856.594698003342 22779.032687172068 14832.267235748499 12409.740894336463 4253.121585174018 39626.93025433457 17323.739002781498 32582.974461993865 19876.918975191133
16338.59434671133 4101.1596515136225 32793.16959797251 1156.0565397085957 24772.320564592246 30529.19346691497 15399.064288463329 9617.176538887514 25713.351400649895
18842.852118947914 18792.42062777239 6051.541044168442 20555.652624622304 38302.09329366224 5340.006358292447 32088.76544055 37419.16140424224 23962.874271519246
5360.544757622656 214.75485784989723 27398.494028335466 28781.49868051431 24665.805223415664 853.0527360306733 34851.793977663925 25603.750613921307 8997.019465073594
21166.154955168655 25899.625865411075 33729.7781624653 12089.456449420708 24431.180469722924 18554.900583605227 1612.5591582560155 27175.05590400433 6074.339006309519
19556.71472215306 11662.982877374021 10632.018863803814 22546.607473607877 4356.28272242706 35767.4148722066 32448.802829478154 5922.225212146213 31556.847873446462
19229.19355294434 9409.163092616878 37892.582282379655 5043.4900197729385 33087.09740165859 6516.242252500235 27758.686570177684 22325.444302791853 23802.298949003893
21763.450448650325 13781.335063999048 38932.75239029357 8379.038206332714 6608.142841314151 18915.954405813383 29568.390383331473 20160.404243342542 25.158996979225776
7352.699883538789 35701.915941661675 33090.880083950964 29570.067465699824 8626.59468958492 24506.9845659854 1261.6803547028467 24478.765309853065 24101.11055936346
29818.49364635264 19873.611359910283 2209.5993793523885 2148.4070183605872 25275.35222788102 1831.8680621980202 2551.504271356229 5773.901423902231 10379.734847485493
282.0838850467844 8748.366101233803 20256.133154575455 19827.835946052164 1348.3866201325218 25029.656608355603 8509.067084333601 24879.4815428578 25257.621735725465
16107.394676178872 30895.092686804164 22704.777555198518 4882.119812810304 37110.7845193689 9706.417920925316 16763.035431298467 29817.016328898655 38998.99831639166
35095.24048977577 30538.861650575935 15281.265180776383 8369.16058128863 4492.482569836351 352.56975797082123 2867.3414353279622 22732.125190038852 20244.88683098252
594.7141173113087 21036.294712212915 8517.047441015073 6067.907784665931 18221.38803016776 3557.1235214840563 39748.87523325186 35018.92749121792 24540.105548259868
35022.76066412558 39473.389122331755 5327.507098306818 5905.817575171555 10020.432847842823 35000.77826153857 33747.52503322225 29429.549445991663 32562.066858146412
12426.396618809413 21332.566954856142 37356.62299664348 31486.876541759328 35279.34797928305 19356.58612129313 2268.7244323806917 11812.693419620537 14103.01587842296
23827.749191143343 9593.17034142575 3759.9321307710106 15642.592138345668 25811.43448272071 20916.415821920156 10049.90068863897 7794.8364253904765 25988.67233816859
32781.07153878256 4876.371873706721 7663.949135667592 32312.014734088763 23196.86141161362 32959.34752002727 11438.494015985802 37597.13939135622 37835.2415964889
19947.370356590203 37879.89840216494 37655.97318833582 7252.582325784153 30322.77596524131 38748.071559357486 13041.937485944418 17722.84664705062 18693.286054084947
39625.85314628305 26015.66900020431 3701.6862987137865 7781.034097228505 13982.995527538114 8967.156819440572 34514.92257738966 13847.534748303111 18760.54568248253
19694.48476319493 37963.94121573455 38914.31578922694 27191.19472731336 22878.93474056504 33446.14248787122 1467.9865469556935 30558.348962605312 10205.697113797081
26896.33528390745 26950.100868720216 36443.332221080804 2245.1815958008883 22273.94520877686 11470.592976861439 30073.40449457124 14528.728016234909 30918.559006984844
4778.580799396748 21938.30831524177 15803.820157199814 4327.927231014712 13162.302542580497 7883.831600444502 36048.18966254547 1131.8636750292244 19694.00710608197
16182.094914066272 13580.192145386647 8357.795792429426 8465.095610643111 32508.66191299315 15358.036483455999 29023.29920107314 37719.18923036454 30892.727394223904
35515.880321010925 10514.392492025989 24129.949434460963 21592.368308762132 2968.7211063730174 17274.883078457875 31961.5120262634 22281.8083749239 35222.93633167955
16310.372992612229 20743.339197886973 17666.172073492547 4665.296160321026 15038.212771249026 12416.641495914735 20141.84665482594 16150.754605107846 15339.571584147134
28829.39596425896 22699.789709806668 28895.529291121617 28672.46287365748 20292.67969056228 20504.017466210033 24130.267643740128 4466.732953184121 3639.987513621707
33403.39739481725 35240.176686929466 9717.406748238649 11741.641767205367 26159.310165262443 23006.64173383075 26548.0486128022 18946.13694090867 20266.810465226074
23724.547729385773 32694.96103174351 18436.01420900893 31727.685764618433 20140.03713951103 31726.790229162092 28996.590447859307 10484.326401560593 28982.00259975934
9099.316638964594 29190.790076003763 37044.29738525237 23229.033397270654 7369.09199292628 26423.996850497897 34484.111893756395 38399.94362759974 39692.592705007606
6526.873440277541 27073.792517703914 10750.981671078818 27792.10557102682 19800.064704460045 39802.62330989794 16454.221936269038 2278.8118978936363 20843.436530707815
18892.460950701527 38419.19288975038 16648.72998233415 2637.3048195872943 16238.23249411799 1139.907838462088 26687.67470023391 33055.956926707375 8669.532247309402
30091.520359531933 25700.871446089808 32117.60094418467 2739.2198847081345 25423.16592684953 14962.757865974065 30554.400376458143 21026.418736365988 20216.057862793212
20850.3149333785 24930.301488368903 16668.141343811905 35496.67833709813 18658.908761731705 26874.455221000877 27137.79756155951 34841.65162789374 16647.704482354402
31997.971298074823 29975.074885271293 24436.933160928635 11117.269887962111 11006.812377866698 14867.263607133415 13589.600020126763 11322.409095393003 36794.29993646218
21634.65697474276 10422.369568666947 33364.44426603294 31590.00060816062 3666.0335456059875 12338.352210379879 33851.67532339409 2775.9724465446925 24129.318457165846
902.2112307446732 30464.81512040983 29017.544543734075 2847.013198611723 8191.254370435343 26161.556403170238 8130.22263660054 39117.831701507996 31513.409675547977
30122.18480982205 4173.599165137963 10180.825772764605 37666.33812526982 19918.523035056387 18232.882127062523 21899.285872573375 17164.95398223469 23287.347026971693
28195.82430348916 12855.855166558547 7770.7281929273195 16468.493817131726 36855.303845475835 32597.844908651095 34416.44030984688 6233.243740974092 21907.299225124756
32372.3819221167 33093.78918661328 14064.989557642559 11833.693736388763 33863.10707936255 34141.408915850036 28922.512782102818 22100.362296994612 11527.96107862993
15971.759374321653 2221.973640636814 23068.409275492486 26443.95012126901 3888.6103277083967 35523.15964997865 6838.5328568570585 27640.09714260385 9516.112133816743
24837.875365395674 24315.27194106345 590.324084489137 14932.458276267613 9139.78334730214 17962.985367140493 5807.452306906744 553.364838376041 19767.06728209841
22061.167752488604 38753.256360622676 13064.160356518903 8395.72342744258 26450.18315877587 36363.43619544203 35971.89284465374 29529.840068772442 19385.228627560005
11019.724625370753 33988.805724784295 35313.711240017525 28260.963007400598 12094.510409577622 22619.593115475756 10546.625841303641 38135.26519718686 18368.49622608123
37495.17993597406 33641.49654999265 24403.488967972182 32101.16567483144 27611.32033967976 4415.0620007439975 9528.876296678396 38023.542605167095 7994.820939438698
15249.838189225757 37308.446873856155 28472.722464094113 27578.869864175147 20192.249832830643 7157.143436086155 27231.368787750514 29931.47595709317 14158.369323701221
25463.120918649267 31796.928873555575 20995.21427500808 30684.467255461903 18554.212269278305 411.1603175112941 27974.538979585064 31466.75720164476 8828.39977990959
12981.986146097686 24355.386451476472 17401.72528839569 37410.392155026726 34746.23329299154 14271.93173206772 35980.90638059653 25804.925630828653 12069.172661274362
3795.678337650519 5082.53359955214 24129.23399989464 29336.702664425444 10432.474242427525 1493.3256143125072 15519.560962502097 29107.59865035388 10069.418676573223
33804.68784101063 17405.31728506807 3843.8771983482493 6928.247811238121 29477.6658382276 32925.558814323194 35263.587495911546 30679.72110744087 913.4206330198758
17381.048562124917 11999.907947001848 13220.491779100292 19840.754530386763 25414.69911888538 34668.52335932145 36607.00841970669 18686.02561622002 7118.21294905303
16799.89972181532 7616.062112962894 34515.653257759855 21634.621087298805 381.583051945061 37525.84518150297 9414.179673217546 31801.99484737806 11159.465934768301
25301.983736017606 31311.604815938026 16917.375615099518 27907.410983944403 9416.27619418274 9478.555328150429 38255.30595442334 6061.384810069207 15793.52472435727
24226.316826196155 1504.3578159907483 1566.9135148620007 26968.54762724695 11609.554797823672 22907.324043982004 39978.58658394961 9907.531098158353 21102.816155960874
23962.138271505013 34127.24259446687 36249.11882855682 22108.796118295704 7350.120408570234 32333.45007026739 32527.143754741468 37962.9670756341 37576.609605701306
29880.161462067234 2491.2157176155997 9851.998995655866 531.3004665366789 14366.285939214438 13892.059315769973 38505.99795848553 29436.21659825605 25911.85532090883
13067.306940822898 13807.167294585335 24548.49151779695 11170.61264968314 17205.383166076434 24847.94337914562 23554.974112266835 766.1418467217773 11113.900162417916
35175.37244115342 38108.92663908742 13465.18324366218 8505.539545106538 36376.108638809856 17648.039146390598 33409.998609177834 2753.353858038434 29611.762493031914
31487.5482642458 27101.62476862312 34538.64101851921 4365.609811816525 24464.633000235557 5.321096805506386 23011.938272412 20117.568660307454 32505.069433620334
13311.403355512992 31105.33637350357 20674.911901972126 11923.629211444138 19708.816119385898 11219.79650430516 30993.10274682929 10895.27123199546 25639.908321501
345.4345155695082 16407.96194109417 14559.959766184067 8527.109016961778 10421.229876156416 8395.414673806574 38700.27067930042 33327.87600911208 28229.69209740037
8459.588198969179 14274.91137332919 23833.400193533995 21380.86037176466 2418.7740329337757 31916.709844816913 30645.647627058017 147.03313818558672 31062.710925364794
17715.719215735924 2501.3186990971553 14284.389431326577 27791.763703100805 37939.879370141825 14994.519195181541 36358.62490128158 9743.849619890792 34612.171053418926
10933.5466871581 22726.389742876087 26546.89633282736 39236.803403326485 24201.421968771232 30385.07035583181 336.58764103658905 28347.32805015613 30082.231360280908
8163.593401186943 17005.31666411491 28189.91629962124 24465.268274441612 9248.584187134878 34082.084822486475 5600.729982584633 17850.361155361716 406.6829429919708
4802.789968549965 26184.803314966888 10014.206237832828 28729.27597629572 13540.219644061202 4739.970073524837 29936.741986717905 25619.35527008714 28571.643559173186
25987.745350161575 14059.795451090262 22456.625877032744 11504.243607903138 8091.638860664161 18512.705532382366 28699.35608985737 7866.045305542793 27168.317685195565
5687.731237399221 24909.773288456447 13781.90219237833 15342.113709101275 29222.81104721223 39440.953577810425 30961.054811158447 26918.214633066676 12681.626246316217
21924.06361451443 20703.27936734632 4247.932484529296 16775.076681496445 10355.134928666976 4156.03274970679 21139.109168884963 33217.602103077545 8793.434348036522
578.5752449242609 22979.733118109172 7430.603877069601 35999.56097870608 1980.0217099204965 26139.731629111193 23989.043710402017 34996.7807361136 2861.8117773066115
14494.191654272778 11387.453756349842 30438.53171031143 36547.05969078467 30796.90913306964 8145.007388122605 9850.2965168742 24884.163182909542 36176.387659305066
14978.11662566492 13239.84438064422 24704.6636054265 19115.800786837972 23244.013699580217 24249.264262636592 30066.903727615827 17116.980767420104 5614.1686069636835
32859.10758143525 19421.544872443512 14795.840078347934 33543.3553155029 23573.908134997757 27455.33886767056 5213.079811113599 22599.566654195845 27197.589321162865
12423.822999579772 16727.47518099015 21275.80111808856 2628.383880378369 8911.200810211729 13213.894918373357 20548.3523004249 35101.01388839942 24418.236246381755
29290.529167148685 16357.561855414993 16739.362415178628 22901.465897641265 10673.27676509721 6502.002872340538 231.02092347479993 38675.67019893725 15238.479255409595
25042.937621099278 17901.850268776678 29730.3292257813 7225.848030758381 20433.5564602777 37333.45472843913 26361.279715010533 24131.910224403335 2041.2542985401851
22446.803496764973 12052.822854405484 29728.569497586785 32152.582968288283 19312.79435621074 18046.72469052642 274.8827493326935 34186.66307974359 3440.8960925292413
19751.69987136204 11177.454779558231 9713.006665969668 36220.501080404574 14610.845234353072 22361.74284262016 15787.401398703827 31778.27054374785 15225.853204617844
35703.28439136754 7827.525599828054 22679.76210125219 12663.625506651197 34246.70809369955 31341.943143139473 18267.364626741182 19144.847393425294 26870.831622643353
32415.568568534927 33012.23900883957 28694.01300502159 15375.605275094655 3828.353280914358 22076.261186453074 34638.232042018535 25572.808563295206 5264.039052126202
13664.163809974847 21441.53201599144 16841.039042204393 9002.669061168084 9317.139384139415 39307.958749245394 38158.31948803069 21810.842055439804 17438.180268762622
34836.95087036193 37068.23845108613 11855.770996172374 33674.74502950357 19638.628270239416 38562.353020282266 10435.23337655018 37574.45313184975 9720.119996686792

