311.3374300146522 400.4801831448251 2575.1915233564328 3681.7456670632127 3278.953133418934 197.0710593903152 3217.54674341574 3684.0965437639015 1677.4145965368884 3205.5960794006896 1438.8148307667047 1837.135080729385 2788.3871467376575 3402.95685811546 3938.560159431585 3536.0016266782422 2306.7110781615465 568.7853921358753 3132.8264607449273 66.55745800747377
117.76423013370436 1548.7065234147158 2255.158459366326 1987.0347002799003 1147.6733635778492 1655.873919145241 3615.511415389444 2026.6435912834586 3719.9278195804 3022.8333716449547 531.3467644250402 1515.6356140615449 694.8450887266788 3316.2550665449417 1572.4829641835504 209.4982705751613 411.2896277634652 2204.4838152632406 1467.58205860113 3842.6942821342645
3495.131225795555 1926.933351189427 376.6125273967016 960.5302860676686 911.6225423378653 2438.510431746724 628.5359394341308 2023.177376716163 3234.5384169455083 394.4650076443827 1849.4962934994655 2430.638638229093 442.4770656259218 1208.4339467427735 889.4204814997461 2568.2314457247794 359.6332371373742 236.22096484280019 3894.62673359933 1802.0438815438702
390.4125940626875 1429.7104290775392 2707.4883212498676 2765.091665111285 1095.8063822122504 3501.9777488126965 1561.3531850407965 3170.985013020936 1688.9853467412768 2706.4970206102976 666.0393424912513 2194.5443571264354 1255.7571430692183 3268.863500059863 1958.115727607947 2265.717317332833 813.8465149130991 3680.6365670624755 472.5669390788089 1657.1180143934644
305.18184665459285 2386.0457375311516 1987.1398894030365 1308.4725810007826 1134.1217947804605 1834.7722389460127 663.7163021430367 3451.247269105743 1304.5262541406678 1436.2245059556608 1631.8186334812342 3781.080998706614 2646.812955560658 970.2810347782563 477.51705440101 3157.6326585762436 1146.2895786841955 849.2999383633003 2860.3019408054192 2733.744105579173
3479.16565463682 319.27109749902 2947.7481935021106 1422.4435133710485 1102.3504379213473 1109.5066216664081 3607.802781711398 470.9786035288746 2288.988351623998 2412.0646544277392 614.06890802454 2646.8483486601654 1689.279575073869 308.18520565471135 2906.1013802845137 3875.5949545528956 889.1593806677106 1380.0400709280166 2446.9458975872817 2299.376137524821
1726.8312659370774 2695.820773887387 1155.1666584815857 1220.877185912418 3490.1113347019573 614.8502776059859 3433.704701187136 773.7900455023664 1676.2724103262835 2726.8807955497787 2481.0691178756306 995.5738567781856 3424.946727021499 2248.816849552658 3903.0215371791683 376.00158322251787 42.422753728880025 3131.52850502379 3140.4871586962336 1013.5650663720326
2686.11811550795 3522.9097947158443 3790.3852091438303 3594.9900218943208 525.8724858550825 146.86157313216881 2717.704448149858 2423.4143176016573 1777.9670762832375 1730.869906141018 3268.6642036560343 1170.3597141884936 2067.075383223697 1049.8670873242163 1739.037526516102 711.688983718358 2218.013813546506 2640.776541897953 3369.9681296061854 2513.6096291399617
493.957598856274 668.5351515262378 3667.0020713301997 883.797643692541 954.0038789253024 3495.08882797195 2975.812564163327 1396.3285443161983 453.53859226720806 2532.3763796995204 1571.8186685021687 1381.0148601384803 3073.933991793875 1562.7673712377432 3992.6410464023775 2637.7224728876454 2283.360269325946 2109.850892988473 2061.366444747305 2814.4397302599086
1743.1642694065017 965.3260345419633 294.6357388575959 1067.7540681509843 451.35995156232934 2397.5253393360244 2966.780203922709 2214.6096827240976 233.4660908559481 2499.49626151547 3833.5871710016336 1918.0862951107804 890.7040495344045 54.440260615178886 1010.7715375802381 1747.6715251849612 4.608336774011605 745.322245622933 3806.778111919091 3724.637718417641
2135.5504544432774 246.5967615467082 2668.1656307201006 2800.089648016161 1803.0468785901674 3590.6061109526754 2722.581370507445 418.7126480320394 3396.223172803236 1159.2502355757288 3308.072010966043 2665.2604670470655 2095.2117634666292 934.9493692413234 3910.9141847158717 1160.317829392412 3762.5233385031834 2778.225748346994 1158.260546368135 3583.1340294790484
830.4899657727583 2136.1308214779147 3989.5325269394743 3920.1136527841263 227.91047909920758 648.9881770282748 3027.7286196961095 1819.7576556905988 3057.4966658809744 1572.1675846371163 774.230503653366 3354.777252543391 3994.589734066695 3704.32713293139 1540.448835529927 529.3844435982683 3553.999285755808 1723.83774356814 1491.2344892118892 5.037182147535077
2505.43635964647 2805.875220827755 3900.513454185936 1809.4626103910248 2769.0823274166123 2329.8387018943913 655.0417412359595 1243.542061702928 858.6282106638298 1992.8414859233476 2498.903402213922 1343.9106170841808 390.75604063305923 3167.840953135487 3158.484064931811 2302.8317761263543 1070.2974045704864 1055.245676902934 141.16409793882008 3984.928043880572
1746.4173421677374 3291.229925619058 131.0969367905982 263.7723611817546 3764.5708256775965 3613.9479943275096 772.0140226568556 430.61222333055844 2520.1730038935957 1335.7770191938357 3011.737077219521 2004.3858464254831 3798.5982008165697 123.06815170521145 1202.9876764630812 2237.48197969704 873.1445189439614 1982.3065628118281 756.1555456488777 1494.0686246949815
3086.2150994175267 1091.1211674220533 3964.2542115838005 3748.396865951677 544.4778779986991 3574.651268198143 604.3902064968254 2798.9954947639308 99.10645008124652 791.2942306150467 2519.3931089850457 3523.950834313633 1957.8747677637502 3811.9267827041285 2797.069798933164 758.0688749888207 2851.098145889606 1995.081444483271 3035.2362270961376 2309.903204916573
3388.0202210878124 1003.7709509802926 3181.456903537654 3357.6508685258073 2036.5593813940088 1692.9038045432349 2518.418045825716 3994.76362518167 3760.851263417614 636.2017105486304 382.7318570530881 3636.4241410284617 2676.849395912372 1411.4186171207907 1471.1729275554046 887.4319787682778 516.6826701856828 1701.0744835175337 2532.601803507824 3648.9257478021073
1373.4151059881224 918.7485861516436 2897.178016526943 1443.5899349990495 934.2639550264589 521.8126526910135 135.68248041812444 1296.8417964410696 536.1884857403795 3730.792105861032 1335.02237050253 3959.177294187605 1794.8342351904482 1039.666522433391 634.1364609935724 2980.6773447285595 2086.1843723988522 1192.5073532713086 893.8154646861772 3511.112664557658
2980.4606431576885 2821.264736332813 2938.648476726301 3349.463486700236 909.0841883319447 2486.341569014094 24.390238480647213 534.7825777159105 984.9629260682038 616.8714750629745 462.7077858521277 3701.1107035764185 537.0703447761582 2448.7784689492078 3511.6342091317574 2030.498680180699 1830.4399499598403 457.02630592796413 2854.504686974962 1498.8189974322465
986.9549551697899 3153.1472631978468 3944.495806441947 197.41892950014335 2826.7494133124246 3485.5521840538486 3211.240339051092 1949.9966375954884 3304.6340110253695 1684.3290211653978 3156.4319873672985 1974.5748327185347 3511.4561969489378 2039.7033781192317 2190.416220844448 325.57040568861066 3680.0999607918193 728.308595612983 878.7184942343872 698.0082457326992
520.8955838271661 2272.2332980480096 687.3335602684488 446.78530948574166 800.6406342946595 121.15575986473414 3854.607353075704 33.519127215098024 621.6474465728438 1080.7776929187744 1253.072514267814 2209.8758978061696 1653.65045856927 3529.157763411001 3820.68858144351 1710.395766601112 3101.062733952246 2874.068994970048 2602.103836334616 900.4932823342901
577.8163996806263 2316.7897988766913 2512.636712551409 1750.52554155452 1997.6009360203561 24.46270026026059 2093.2115959247835 1847.055739893003 1367.0137356874893 2190.7031884433145 2348.3855141269028 804.4508193695256 418.06384746926733 1962.157809261067 2317.022724881764 992.6127823968285 3784.401207244776 3969.899717917527 3971.072129590493 3383.606398877997
2526.7873289628064 2259.2148969878035 1813.6606096312025 705.5282965241315 3030.595210299303 1027.9909057609807 420.5455018667558 3850.9406999911816 3679.4106603744035 2587.5803844266966 3268.3573149728427 1475.2043018788283 3072.7514330238614 311.8379116199069 963.136672312869 3634.7520301040613 2001.0614710789444 2292.353691609879 2182.7509564365832 2467.363035828017
3909.3624157266468 2515.1620832591443 1596.8670105071844 2064.000815879528 2812.606419024442 2925.599426238112 3102.169567473441 973.2104978282377 1052.3102421948058 2989.058105331183 2953.9642875551403 3297.6107755442686 2354.0797973288627 2354.931903282929 1066.3620400803252 2777.7411306623144 3687.043339380435 3037.166301697458 1369.9578349040582 800.7494765507963
85.16174106223639 904.8440878933354 2502.9464952138387 211.1123751054963 2868.698897836057 2961.693224090602 889.67217633577 2348.4571483444965 984.8542656431856 3700.8427740949105 256.4338418098928 3087.06485600255 1876.2740369845826 2451.908311118237 3060.9052659968606 2175.775248031113 1954.2790966081927 773.4008028274068 3697.5037670894426 207.6193820193489
2209.3590166348554 2699.436392382572 1682.707322159671 790.8164457982468 184.38227024643538 3959.0317602871073 1498.6748565361427 2030.3566091739635 3478.8472716021106 199.36981028007267 1588.211604957315 459.0507205209876 2574.41850578073 593.2262690769483 503.16819244082876 1103.458492544843 1534.3836245198972 820.7451153925588 956.0699576984275 2474.709113920831
3083.077720582499 947.8877869729135 3514.808752109683 2831.4144951071908 435.1168279084811 2720.754033508979 3755.356449964233 682.1928778627826 2124.516969527145 116.90786698182 1768.3410546573102 2576.4668887231664 1911.1627221010963 3763.478419109022 41.638807402081056 1157.9116055142529 16.193228833217518 3724.153422620994 3149.2379987079785 3261.8351728279213
2572.8636626068705 2300.799704588482 3789.026793824378 1644.5631256629517 41.582745832613455 1923.5261181328615 3029.826101386298 3413.288725435242 2670.3250846155433 690.8257454129284 2688.030724962592 2704.150961926048 4.6022749261264835 2394.6565085020447 1133.3629230504237 243.42019929593357 2098.7673554999387 1144.0344256423646 970.0971532121453 2659.2604327100985
1237.0328787175831 1686.9055302236418 1581.3791816168896 3785.3855049072654 1012.7911414683455 1209.7023574254576 66.22620134256749 2531.3674231009913 2134.244297395299 3546.562180263768 618.7166597969797 427.8959720682658 2791.3446208028063 2358.4669265775783 2904.0480727159643 1202.3032957603232 3754.35836371447 437.5269695559134 813.0391307485172 2374.318006804129
2015.9844064172266 355.6161155750374 2984.4701482389255 865.1753357768848 3527.9562339886306 71.07759606497552 3523.4506791030763 3443.0418514248454 3456.596787659073 3554.2259243086614 3952.3476660700294 2616.9968251947994 3835.0980844427295 1024.3838950270265 874.1550446285826 2103.1132938451706 1924.4143938435875 513.2026357996483 1213.2108891674523 2279.7320052774303
1737.3807414328999 3511.6773778689867 1172.8533678006997 3126.975439915447 892.5508821356459 3587.1115257657507 1097.0072967787048 3926.834597444644 745.6593321283801 1015.01235689615 666.5735779872969 560.2914943102214 1056.4777319945465 2749.843848428567 3314.1064880184817 2722.909129851648 300.8088025629804 3010.0669276136073 1687.354064880315 2845.3400287426302
2928.747300536491 2366.431782747709 2342.3631870382933 3650.0874698492735 1670.6747151234476 1559.626638828996 1873.7594894928825 413.7569809038264 1476.2548998088412 1030.414668859779 2153.422029981092 54.89539340128499 1097.7033906344927 132.45032720396512 1540.4709245047043 3668.799521548739 270.3981495163682 523.1721624773411 846.7615040730525 1559.1492503296167
3099.556962843346 2409.1285193061503 98.6187689019248 2511.6271631870445 1106.8595307467726 1199.3784422297508 561.4341762568547 1753.8114921986985 1094.2384110553496 2745.3211474198683 2707.848593131545 2483.056307372125 2888.8792844466043 2938.2848914088277 2651.7179541235146 3061.4622789559617 1504.2426541967386 2800.123712757194 3396.045972056239 1592.9275831633354
3679.71245542171 1488.0321858378034 3405.2598162761724 1135.245536153523 3325.486014107666 2991.036794291627 293.78001132131635 3814.09795656146 206.0672618361573 3270.4485948954334 2992.2918314799035 2993.9139721092033 2077.0831291431005 1218.296593556372 3950.4730281551465 114.74633549830992 242.67378300252062 581.70287481577 3751.1494383639892 1202.784197846469
637.0993322530483 62.14171553165306 1840.9185144340495 3272.7765614219206 2934.6626623092634 2574.674601999759 373.0708913453525 2694.2741274360196 87.015476460012 1136.1655196683232 2715.466745606711 3913.807083297287 1240.057600117071 1162.8304847009126 1093.3009557752553 2522.979916674706 1136.957389506039 2142.1533158244415 3490.732374102081 2476.528607479399
2953.210245864503 3944.507260829184 2441.75210638188 369.45232550866035 311.2050748274062 1174.5299406438874 3727.5851483843003 3308.065422151167 771.9102225905799 3820.9743514640213 54.54176698097376 2382.741835347078 1728.3396654054436 2429.858197006116 3769.57723687229 182.4387679944498 2775.393853947865 870.3315336085011 3424.0175506269757 2001.4170324410113
549.5187468029842 2078.2248217367805 168.61003216788458 2658.1299916632097 989.2348983429939 1387.897858234618 26.86540484913985 1759.1875626037931 3826.689176656023 1511.207610045628 2155.1095265263402 1092.8620811754972 3070.2430529061103 1147.9125258050553 1781.3345984703913 93.75725665368054 3023.488200175679 1617.5043780790168 1492.9485185293104 564.6996985777987
667.894518459442 3308.7311831470306 623.3941237969823 142.9540623063433 1623.3166309498226 2100.801177531974 290.8488819481372 2568.2377944548234 3761.6477598542615 2423.2130005675003 327.94001655990587 921.4500418778648 3724.854946064383 516.2688089679004 171.8741726921453 2261.9368088004194 2624.40632018658 2377.115285284014 1083.06974772916 672.0590019249992
1472.843855110812 1437.0486438180224 3991.529792638964 59.8018260860722 40.21741346727936 449.50578958853293 3763.7494663691186 2130.841822294226 1173.9870826994793 3253.4188226541532 1295.0419176063886 3951.183689594709 2361.24567673622 1859.754670504633 3156.9255042681743 3734.4248465968685 2905.68407843873 2892.374086021603 1016.3382570899646 3106.1430677107223
1570.1171663108103 2636.8118933566475 3066.4554335517064 2932.781464350033 1143.4805555489063 1272.7621270509433 2404.8777764660144 1846.627485560511 2433.403450045118 2008.0169451610623 68.96564632131822 3997.2522814314907 1239.928112568816 150.82717440836745 413.8644953006549 1352.048996787371 418.5734314809556 1783.4060533574152 3645.708639699882 179.34457663378066
435.027623999571 1382.155160097971 2947.8637317016664 1096.6537731970593 3497.1641175455516 3025.1882043041423 626.0207935192041 1585.4087588847876 2191.3129842845815 2983.776321237972 3725.3811846793283 3679.12126486916 1957.1433093051992 2591.6912127144087 2694.6704882800786 1858.3420182933646 1983.9650056137698 263.6403217370171 1176.9915395279886 562.4186687817696
2637.848214498033 3408.2097841574846 3750.264474561437 2385.921650320154 82.83626995701047 3899.3887553161385 1260.3922194594861 655.9413429018334 2292.4979666795366 587.5529849098061 2351.1119390699996 489.4918023908442 1927.8378552061772 2997.3745481347164 174.70353777370474 2939.901176915177 1111.3168405024103 3901.1402243325074 1647.5671126554885 3306.3376439374147
1158.768754377805 1054.773177922923 3655.709749665608 3367.517835622382 3517.938074044713 2359.157290091576 269.9050492090987 2838.933476193541 3016.0094996697035 711.5955774165195 2072.969860437364 2101.3540698830866 1893.4884695297494 2987.320557199687 2360.6047017891183 2477.8840928597083 911.8690346416595 1538.7285252051086 3123.805608513954 3735.056246013176
1191.928836089076 1970.817893920759 2452.6559819831646 2634.913967789054 3737.1535886016413 1685.375098925896 629.7796996849806 361.0566214084772 1098.3147195296356 2766.0810359553016 2518.222408420683 2330.047528572359 909.6235878728439 1821.8513892590079 3546.7935215429834 2788.3706326299207 2692.0150332748954 3284.0927386128087 1072.6794940995599 3053.634798962546
3626.4352678043474 3490.198533473659 1795.195903394304 978.9590403920027 3037.3379423629513 3901.129460639708 2708.2053626889997 2912.0369322962288 2261.9509552109776 3254.309766268322 2031.234479458265 2289.940437413065 3784.1683534595268 2968.5636628686416 1339.4896737721447 2218.723498502198 2226.0557037984026 1721.2610871891688 32.07849479853485 149.6402396777978
1174.9465801271785 933.397955664288 2109.612357731408 3913.4718959112456 778.957336557346 2664.421765379186 3316.842504474177 968.6953238319425 1139.956013187386 2555.2395638098233 3891.3358001220186 2654.7072541490547 2386.2242006761344 793.1787691864579 139.5059252747601 2314.505275825329 2902.121794253953 1571.390736604993 3766.1247198452375 2670.036080895926
1202.5164661096196 2758.0241265322584 129.16637024543752 3631.6197931818633 924.918104657582 3793.928290027672 3874.519309988039 3671.129182896596 1304.5737748293168 2100.0036601872166 3482.7937062615592 1958.3721606892484 615.4087268247074 1108.6030131151178 342.0204186297892 3524.8515268243873 2786.735595153652 704.4135780659744 3182.105019780478 1222.7955014662953
1281.4734708827493 1157.281574746066 3094.9848853348476 765.757636862948 1392.743652346825 3369.015595830877 3419.985527581098 1926.7665572217875 529.0632586634395 929.5321437731482 859.3288727973204 1779.8424043787654 1471.2157427498223 2490.5644166062825 1549.1506001445039 847.529898053594 1694.171220517977 3874.8410431653365 2811.477643004885 1780.20678248401
1916.1666389330398 2810.386269582396 475.2191246734801 1750.3966347902042 3585.5645493776647 1871.7625805982468 1737.4546723860394 265.2421719657441 1021.4505825634279 708.8589754511813 2032.8542891399977 3436.275611130679 3555.211568026597 2916.3355297033727 1704.4049406485778 749.9447329254988 2293.6437381254414 1126.5260757208052 383.22912823799015 1591.0322626233256
863.861102409043 3430.5172510158236 883.6609600692736 3770.4857136270157 2613.389849117874 1549.2235388666545 2384.833485649749 691.1370989449624 1495.8693344586443 1088.677803680248 615.2601899153365 1401.7373241795972 2352.35533475333 2997.9311622079454 538.344276725855 1976.0008684878794 2824.11094632146 3048.5813149224823 2019.5230510825777 3153.5804378136318
904.151534724806 2202.3080251714423 1430.4061116483879 995.028119629584 3149.6523304484735 1965.5957235123594 2996.0571109315224 1469.956095973901 2274.7534678097672 607.8103605005749 2174.332161618876 3618.786247552186 2962.3636242970833 3550.564150859453 1727.0653363159436 2133.2923106681405 3208.112997052802 3568.504452044594 3082.452654661915 1983.1863483249124
15.625767181976244 3957.3400884010516 3267.5667277613315 3906.1507130404098 1187.3245209291272 145.32312704820697 1569.259282648738 798.0857150206045 1968.5008918654967 1738.086680876116 2429.0877488464225 1354.7165311263952 1981.0821318168119 1752.5890167371751 6.909689933143682 2507.65594852584 2579.348788645493 2557.5207682943205 3143.020424406266 2292.9273809058545
832.4155485978549 1253.2336555206462 1757.3690270292418 3668.748147642368 2992.875743093141 2920.6529425198296 3671.3091364376787 2467.660560097483 98.98652100187951 443.2819046518773 3280.68416918287 689.0702384421927 112.6830212913394 557.4932746777379 1806.313043077465 1050.7681991752627 2299.405441479228 2284.245066486713 686.0161282471665 131.93002434245977
268.6604481984509 1185.502298946187 461.7704499830486 852.2150490903098 1992.9423898886803 976.8786524530589 367.76460318181535 2036.5598870309555 2423.2128033847966 2893.885136899359 2224.996342455298 1683.8379605742512 2427.4334817598124 3169.1900491327983 2203.2862842202057 1539.0930230993738 320.1353466666458 361.23230373684646 345.96608775191794 2081.911512192625
2247.5855497514476 2983.3032750671778 2966.777396828592 2480.6115048243228 1262.075949579982 120.7320551219434 2023.4139129090431 3014.515590309936 3247.7789437531937 1820.8983171010477 435.11126028223634 2796.6309445568622 2024.6226120759502 3061.2693712008045 3670.022770125128 1278.03214248986 2936.8124468335 3720.432655334565 2623.0807001739167 2658.6662570817275
967.1501152754397 2095.3343458368927 2886.454793658383 3798.5068367684316 9.155615690279546 2764.8747033471545 2520.2134869747956 341.0822469469167 2309.8391784356895 68.17415505953932 3083.9481165955563 3.7671292250554416 515.9473308312142 1245.4271155128472 1346.3875738246006 1081.2406159403238 797.678308035202 1085.1549541222205 3098.457252243701 34.9908973465931
971.0585629129005 643.7120764940607 2775.45973708564 29.48391798410603 670.9645228750567 1594.8531504723878 3046.350809151516 2604.1422540824874 2492.2971213044975 155.81266540554498 3845.816260018264 2526.570174147844 1385.6665780348565 2127.2673962533795 3053.1393054122086 670.0972965536978 1265.27170175051 605.7244474899956 1699.2409363478482 2490.5065611369087
1139.1598856416576 3326.5584592617297 1793.585239569511 2380.112889462558 3204.163363915316 2619.0196351983277 2721.809990436194 2194.6303354373445 2773.087950304854 938.5061391933743 3574.598871327184 886.1900980130738 2747.6639259851218 1699.0924522911782 1679.7543803661283 1005.9780377051109 1111.2312735251617 3012.9284462081987 3685.074619586854 139.69898335313064
2378.80442892454 675.229315799636 1881.7065788745103 252.0541833481666 3619.8806902707993 167.81251935031787 1270.1234295828851 3607.669611626123 168.74368271019466 2595.3077597550473 304.97368321111344 884.356930765538 580.1611531507888 1321.2158731389368 1110.3555273832471 1896.9257368930187 584.2821315121337 3879.29164234362 3545.581306022131 1296.779587643909
3085.2816058492235 2199.7757705888625 2566.8644680539974 1670.4677171068072 3867.4436333508265 709.7665558087244 2585.0758572029554 3050.520407533646 2058.574706383485 931.6792926649539 3283.060671274082 936.3434963716225 1762.927640468977 2185.721248798527 69.81518087328323 2352.2405113364343 1504.3474501273645 2541.3610311902885 3831.272893386684 3870.8205744083893
1394.9433334840378 1260.7788901851907 504.5562918478429 208.80496132720373 3626.5373471493162 2661.425595885659 1984.2470938476083 422.70635807698295 3416.6093594591644 3008.688761688224 3344.656429381899 1836.5671806164064 1953.1839457094668 1830.519142920255 2106.6622587619063 3344.8021142934813 2527.4641225099276 2288.642209285463 1499.5635367498492 886.8368096811623
240.35167360704077 3070.101545531907 3218.303527661683 1884.2685948588537 371.7379839239916 1981.0298663036265 1394.4190870543184 1550.7441975516613 2288.6355843036517 718.817904727397 452.16826626224633 976.8020392224881 3061.591602988029 709.5054043469106 895.5036310175278 2870.929660395963 1483.12925351676 1871.0886101894246 3321.115112841939 84.05646579376162
755.6452352238668 1673.4485202068754 3312.8254541341967 2034.8076311144284 616.0276993169878 2950.8745051129217 1151.615498274508 134.94039342615906 2051.1906592655228 2834.7717117686802 1993.1823033355852 1535.6113893321037 3095.5050922783985 1969.808458188667 1211.5397452292775 3223.7242289687547 681.3665947624611 3356.4862375363637 3002.3577000466694 1863.0428660890761
1200.104592769792 547.2360231612247 258.72877942942364 544.9162533225774 2446.6241304179434 1040.7087204297984 3763.7098317188193 1905.4548107086302 2463.159213673246 2088.616606919768 3388.1116271703368 2029.1757568739533 2663.9488475601347 39.03297370766791 2280.9895646935356 2308.9110085629263 1286.472202493388 803.1415519736779 700.6554474226352 669.7912739623214
422.1743738987893 3234.5838726335414 2141.8628245598134 2038.2488234722728 1075.7329180790127 2877.665495217754 793.4988689389213 819.7333617214294 715.0127523411952 908.3977366807728 2967.1838149372006 1554.1438589350655 1564.4152285724538 3957.1787319089244 1188.6052632814435 401.3955199577533 3324.4652199797 3595.818500311597 3374.2298862224807 1893.8786329788377
1193.7115231948696 1871.4886807355974 2694.4969616541443 545.7306380053062 2670.442243579917 2646.499779220632 1622.8901058908534 3201.5451940887615 3537.548895718428 812.962607262094 3219.984430647443 357.67991770096546 2666.2761760129947 716.4094376607429 498.1117475696433 2541.297419165431 1937.2657500715568 3033.2821437492194 367.8924131256606 1858.807132130305
3961.9311490767236 1022.7250639893732 596.1979105906426 1540.484564200788 3630.9800623843503 2985.574280252894 1788.3692262699788 3219.379470634351 3024.5508466858355 3308.4268572054443 100.89601602521725 2686.7431607650933 561.110685953869 589.9139036624751 240.65523497309368 580.5063442705944 1308.0907958538492 1153.7921111750768 381.5590638604792 3423.9036407247113
2135.711804598136 2486.0288834230073 1211.5327610988938 3416.3072309233485 1703.3302258107933 559.5589642897751 2112.123536216347 2367.4795083235276 2037.147644960851 3578.457412709071 1822.1065334030748 57.83643215945631 604.1031804573236 157.21403541849236 2919.4842310003405 3868.7222087525015 3266.296312885336 3676.5750425327287 2108.478988850607 2079.6546130068054
871.936421421002 511.79565826581324 689.2418843374824 1538.057235217261 403.51391519861545 3226.44370553401 156.30096252525323 2925.419595462285 925.4625768084436 519.9812200891545 738.6311985206992 1637.5957508729932 1400.574919794928 3827.135195549792 1367.0300214398687 2055.2132358103668 75.62689502861281 2348.3002673658993 1603.8801229883686 58.11274239987847
1584.2191647358752 967.3489928211754 86.9401036379852 1693.8464023033525 622.2852661490617 848.8722281585592 482.0790924572643 1806.8425564189931 134.08324039683612 2710.7433558881276 783.9374447993209 1425.1387950322703 1437.097232694995 3769.5913178129663 2135.363769211385 969.059031604322 3535.2495279421387 1467.9841606141438 25.096049861339452 2469.2386672718812
2714.9393020216557 517.3002748145375 2647.4215194984126 1529.1795665462753 3865.5632471253844 2028.2894458955823 1381.9195866382506 3796.0742081280496 2695.9140478303757 830.139767671275 3436.8619620241225 3446.7997793166173 2071.4206097384395 2933.674088358597 3491.7347619780026 550.0564656366746 1118.507428439047 2482.5459365663005 3003.2513848200506 1655.120179809741
1237.8830310352441 2332.710382955275 2754.487774237677 1725.6115891459167 3153.8045942709177 1604.0553562910172 2432.3519429554844 3364.554203349967 2731.003241143769 1976.7803180282567 770.8296613796203 3157.8144968356437 666.0423852558331 1179.7337061381943 594.4317789686386 1635.8734396630377 3343.05018861967 1368.3446209356212 894.5778995570572 3502.671372071066
2283.997541960363 3600.777738028474 3179.0629244276306 3831.504766099185 1180.5549616316111 303.8045772747537 1678.5948380243858 2709.1429835455324 2623.986226614155 783.7853914920929 3207.6291826545753 950.3547374363284 869.9285622068546 478.35320147944276 1849.4921919880562 2952.940012154882 3192.7204080231463 2728.1598849859583 3183.295142892913 3224.7454114156026
2117.614613277635 1642.323376128835 701.8577167174108 3001.794061275044 3821.9452491157413 3674.0951804549586 2425.5699347385166 1977.7708881091821 1572.6201944046134 1027.598498310641 1710.6411956594175 2002.2201229119667 3607.163661250479 1563.0132872913994 1782.3308215728719 207.2247831023608 870.9302100669279 1403.5811605207286 2813.428453078878 3797.5212577086963
3476.6133018151404 3101.388300448596 2101.3332954268267 3287.3438004754826 830.8975640844451 2928.8920263253967 864.1542114529375 1092.2629383391497 215.34000360191294 776.6447910135539 118.24406985393625 1224.131003715629 3533.204213019052 874.1801293518288 3309.2209330070045 3496.0903508671463 2187.818803418746 3596.7543677052354 3071.190906714189 3615.162127016696
3975.4510379747785 3125.3264811443864 421.01812845472205 405.2881155666737 3681.322191737476 2246.181033490277 2317.497886700685 3296.475478912146 2803.386276409052 668.5790000985653 580.1797313273989 2772.631349285177 3257.6360687098095 3777.479705869522 2854.6138688651736 1853.7593828487738 2667.289766273217 2619.0191212125073 3786.4149723574883 2093.072121056928
1437.0782487046495 1619.7442733849584 2682.8698045487645 3559.2715378812577 2222.7654239887324 600.812139812557 861.2391344316736 3389.827157905695 3609.2301837810683 3950.847722937955 3724.848908799524 2437.9581746173826 562.707920936612 961.9212230212643 3427.0415355218875 2493.9956197801434 912.5834208929907 2012.5430030419172 3570.644251823806 3041.9774221253283
3616.2556511807525 492.11411483484744 3892.741617276418 3580.0794268337513 376.99282729319884 3857.8307547939166 1723.9500293869287 2672.2533837667265 3260.4724249624214 989.2275059498345 2541.214669552104 728.5536923803022 3297.3582847364855 893.4569397491034 988.146858513796 2444.3530208720254 530.6207151418087 1548.0039327920717 2800.6015974121 3454.0215504324788
1342.9346431664308 1870.9938414362628 1107.7013009157258 2757.370886666946 3306.697325662825 1600.7176733306624 2848.3400837025224 271.1335223753447 2854.2744064986664 2114.4097060622703 3179.1725031701126 2092.024458734296 1771.4595391276907 3069.8120022184003 391.2727661591307 156.0535424680745 2355.5595954230243 3634.494655889309 3972.5504889933763 3679.951377806537
502.56663148468965 986.798279591178 3444.917099592937 1048.0813882757984 2671.0362872442965 1262.7777688486844 3009.9499356832985 3548.2948596599917 1044.7651272720661 3449.9312463484366 3787.740792933465 1605.8923436157131 264.8513539644939 2345.6110227494996 2484.298121476521 277.216884428595 2682.0509890643207 1354.2395743859734 2493.4491801837084 2046.5827938130947
2712.4692589573174 1971.5581409471067 3394.762301475347 3655.628899997827 3289.940813447834 914.1293572716238 192.74619781874367 1540.6625187658194 2371.4268515213375 2515.565243019263 729.9508400990446 2300.713117945343 2182.6170204538516 3955.358391858059 1642.4170970044431 1083.9969046834344 3699.7731670202957 1026.9194053925225 601.305534286631 3872.9625807083
2188.925538042005 3896.4978483812265 3601.0979556410102 2106.76461146639 2258.708716788744 1935.5693444367148 198.8448352768305 2811.994160726234 2717.9442626498344 1144.297129392979 2755.0093544022225 871.6080174146507 554.4942041340191 694.3546783300749 2094.080061475027 2605.488609512497 2717.0246532324786 538.2961477433344 3933.1330608115504 3309.7909639955988
3989.7034852577235 306.79715644437215 3210.69306503258 1800.4257351291683 696.4976643369978 941.5643227984513 813.4405463183766 3210.485191738159 2997.4853485430353 1918.2784129154945 1375.1262991000326 3032.4720656588524 3253.164564135681 2569.9149046140546 3248.238835421029 52.88024462863336 2710.124942687868 1763.5993089387375 953.7696468244708 3619.9359288845926
2099.836755433024 2999.5422433460244 1371.3946468187569 395.8855870504551 1404.5459485351657 1960.8418984277293 672.2915880469413 1101.541020644266 3787.5216234194877 16.93813852759081 1796.8290586585747 3327.3854664965725 737.0097220537205 1546.3539170982558 19.807288379603506 2775.829415623827 2142.810740832797 1572.3935338432266 3115.7264470378486 2272.2324001461907
1226.5232314527666 43.85080892621181 1868.1484529444203 3464.0586140186433 3564.665068289644 508.5792542173451 2859.7916204747794 2168.5927454653747 3276.6350823601906 2794.6968430665233 1098.8107439027801 3111.1245002029555 1546.9863571684264 1555.138857736873 1679.855613923836 1968.0498932077485 2480.1027295153863 768.1647291146239 2841.7793805210094 274.7493884513301
1002.8944793692975 1453.1480983236893 949.8578720889084 443.45136430147386 2910.547534573664 3406.6320089480514 617.8077616061341 3875.9294527795246 77.38189692083006 3197.8155031665165 3466.271070201431 1165.286194934659 3961.9011035057983 933.5462475465922 2007.757003030572 3800.0537471710536 1022.7608095627407 2189.2285316138746 1649.6567962044505 162.2321387299453
3076.5561759172087 215.39846087252067 1414.5604429051987 1032.0418171284946 3387.298964635321 30.43705559926343 2495.8580363323954 439.96880262974696 2407.482708477657 3546.083786408938 1510.1709985478342 427.33405805913003 2316.3789794077757 3622.2656275321133 563.6536635380373 3896.651138830653 2181.995155886713 2080.85870223013 3676.7179888993082 1018.399690210702
3545.0405788162543 2723.583668868305 557.2793777784616 1568.1302893372863 973.8771054797769 2797.338366999485 3841.576858548076 2191.8305088404004 1629.280782435205 1390.4771493827868 3040.9872417665247 3151.0607925011636 3807.6761572809337 1173.4426981339943 1853.1248539862174 1094.8431480637232 2937.2488653944274 3757.437431266153 1157.6386107790713 1665.2936605005243
828.0970530092859 1386.936090265765 320.8715098977359 1862.4254093938232 301.4796896677435 1768.6349532721795 330.95368337234413 3701.643456890848 3829.2176916005183 434.79948240259296 1925.2665077380668 1599.959038088806 2780.666933295603 3422.782711180064 3584.379961163815 2335.060430183624 309.0620905450453 3356.862024613289 1579.8024284503351 2494.121624380504
920.1517990584666 2094.934130682893 181.21354650752824 1199.5192957550187 3098.584048660782 3520.0035455615425 3313.513030263855 3472.0661431141225 2453.244986278175 1191.2493465924938 2106.0385671529075 2157.410088953972 1895.6464299862148 1089.9911595092822 3762.03585089981 166.67719847942703 2697.6977760782447 630.1551928821029 2546.293316017494 56.909175642997525
3126.4404925689623 880.8085480954624 3152.22081654901 3686.6730976466897 2380.3017536865086 894.9155674117305 410.1324032147868 672.7906564849975 2317.012760730482 974.7499889502617 2156.7241203699305 502.6408600605773 2309.316851526851 3403.454700960865 809.3858005149527 3181.590608561615 676.1583732402219 893.6072211804853 844.2023272606255 144.1361908117451
3066.9013034514246 3731.070621640929 1134.4923990388409 914.3007444551477 2535.739576435458 3183.675116078005 672.5077667754804 3238.605079461524 2617.2538285652436 700.2893583612772 499.14970308860643 2626.655208629838 1819.9686222786875 1204.246118887489 1766.3683039066327 1550.2921748701528 252.28754836939152 1529.7533098977037 272.5991789564773 2053.4993070967616
761.6722326682143 550.8849902882353 3306.497656823091 1374.725514844385 738.5797027751485 3482.866725626522 489.55102685559837 3960.891101301018 3640.4960519811566 2274.7590066861944 2106.348173830059 41.47963988640868 500.1728097920752 249.3609973416642 1365.446122452866 355.7383847647616 1079.2250972900647 444.64629256894955 2137.2439231127114 1195.68988632013
1666.2276127678178 1140.2150072210784 417.9182782587088 1309.4846385766682 3411.5982353087065 3231.8055540953164 1424.4960514835889 2054.669660067412 3474.882344295811 1050.8308700811676 1906.9573872688247 3301.193217322595 106.30175920384613 3635.3494609579143 34.66433247631335 3273.5691684311787 3326.888121613849 547.972863165679 3874.9761138585995 1617.224096919044
2478.7937864273013 46.16938785129332 3018.800919952524 789.9277696988754 67.22732797052709 48.052800079470444 3351.449405740319 1783.6494454777912 787.5573184682607 1874.5630100015273 2525.1159217581953 1645.4025011927222 3993.7538222831713 2300.019357356083 2028.9931837973363 740.4744248878719 3152.5185518339295 981.2240067500055 1308.1705635865187 1242.8955293593438
1899.6310470341932 2636.767870730578 3888.7835944113094 2670.0832490744083 179.2803829438526 3499.0559325096847 2630.5376620535335 311.15309438383315 1494.7533667981295 761.2479211354696 2631.0007235874846 587.8429045345265 1463.0183290010004 2900.822722242178 195.23681495832034 1237.4880125456232 3123.293949272828 2468.833082571876 2506.8651302213993 382.5584788859992
3657.114064377419 1583.6690880164288 1298.2209763031888 1326.3922089674609 1635.502690290242 1986.2025875465367 3638.2334562196693 2392.8221742574924 3155.6749011290804 443.062515694545 71.93642575605031 1641.6646192429685 3811.399131661136 2367.9972202676977 3885.0818370736038 78.95629540806226 1254.7181056993081 1002.2936732649796 2805.67088484277 3484.314451148441
1283.9504084265543 1761.0060418151852 1458.4689479935028 2073.1578548278976 3229.786096317525 2203.462060347504 3983.520171111516 1056.0818080870667 1148.2387068232197 2235.650452783001 2633.941818789868 1892.907171330489 3837.5405677497756 1568.8230498137457 653.6906936468893 841.2177220378596 607.4620379358823 3192.4574996751426 1381.5419274326919 2821.7004935255304
647.3632052753926 1607.2660922774648 2223.291176473123 494.52754584086256 3323.2007995614513 2979.0449234453463 1334.1889263024354 528.3835464266376 3378.4539653167167 408.1217812033358 3242.2473259201233 3550.969321699833 1569.5336399312257 1547.3337485294426 3914.23481757304 2053.628697082333 1155.5449267278454 2235.397042803668 820.7280781490113 1819.8496742698499
492.2868685639178 1650.4277814981783 3190.308524306436 2445.499143864039 3294.988086651766 79.4313732409737 1011.2175952126337 2370.376307391632 72.16359108650613 3783.6544018730337 3616.0759768864737 1717.5314342534018 1563.0254287576554 3056.6262675042044 3247.490432814833 2024.699207874633 571.8226546825304 348.2819818933169 3484.0383054197873 73.44586149819588
2754.927315864543 1296.1204093683118 2052.1932667539986 3168.90966215306 3217.776760770566 306.26867404481436 2568.193394111018 2123.526890883686 2809.0381036881095 842.535212656308 2062.8991480083455 1490.0140501151716 892.803104268288 2646.2019791501284 1289.2431938302711 1736.5025160158991 3721.525445587996 859.4564081256476 3885.330525861311 87.14045797229755
3447.195987370629 2569.644874202738 1730.5730433200908 280.949001359553 2631.600232968524 2811.7684356722175 1492.0469314108436 3154.447759500108 2035.7370495021282 39.81857258997229 2370.854238121388 3141.130769800327 385.7967960980973 2856.6809969782335 3574.7523448236216 471.3772213603834 1010.2609986833917 3299.8081134983977 3448.1112271514903 2104.491204478374
2336.706658772487 2085.9009757230842 1962.505164726498 881.105149684121 354.2733729074032 2818.446207540165 1087.5840295662545 3922.7045458454295 2929.5253824075835 1538.9179166698957 2161.6099104946043 327.4202460390741 2637.2553915583994 3310.6280015474504 1235.868993879564 560.582319935166 2712.392832589317 1198.9307523666066 473.97759675182897 1645.5191037592906
3994.6232223793468 175.47649728396573 1235.0989551701148 1958.8280952356745 804.1733779649398 2465.0747570595995 1439.2622021476793 1020.3981230229214 780.8925307756383 3941.099304222128 1647.523872912814 895.4638953509541 3874.5434868364346 2220.7941514656586 2294.0689999643155 1729.289953219734 2072.0038407706747 648.7614856133468 3856.556040298158 3854.9618505290405
477.1367537963597 3346.935555445614 548.1916443153798 165.66903281460236 3006.588106063359 3976.4055529936954 3053.2262660812726 3073.125037636918 701.3663830594469 2594.132983863885 3799.5664676521537 2454.8013834956746 2371.9621673618726 62.4729449819622 224.86804058583448 2942.7551870022808 2956.1052869449536 2752.888384288539 262.66395169372004 2436.3673615354983
2577.467285060114 3404.894027268596 1261.6228643734662 1242.9750027079463 3525.040949553744 297.5119436091559 3792.0405282319816 223.97253073809475 2830.7594481355727 107.82941030366419 2653.2610959754147 2506.028235950221 1913.688061613393 2113.2264950108743 361.3780203033273 2683.5677354496283 1046.7104941216703 3205.110017708497 797.0955619126246 1266.16054436361
3404.753376843836 1796.905169247553 3756.1732775256237 593.7380698069226 2150.642623902995 3622.929837306576 981.9405134715909 3548.134747852543 1764.7764617824712 3038.230869612662 3783.883688281462 3207.8542792713583 3468.961869944709 2572.5760965769427 1859.0893291014866 3088.7964102110573 3633.8764938958675 2255.218235937492 2440.189969739978 965.4853403227803
860.1614694110267 3823.263819840668 3893.2442988493376 1651.9664858440767 664.7919057148163 2689.0183054207982 1270.950007361808 3742.603906011431 2514.0261523889612 2211.715342369566 1727.0613868123062 3728.919460234396 2743.1814648519767 2616.938064033003 532.1460896122221 1506.9895884896853 3534.700517959601 3989.947028090487 1466.0919300274004 2769.102771104559
2537.5823487330586 1696.5310186692477 841.2023123141682 1243.8698048526185 2174.831062933692 1312.417338664502 810.4040400076021 1763.1573631473661 2836.0178799686123 2694.132496449315 2529.820337516556 2170.468942884417 1514.0332236073912 2058.807872002137 3079.494759752579 2988.1314589455533 682.4759135926452 2479.6985407945836 1443.1086704872378 3324.662840393881
3354.0779991006934 2041.21276473487 702.5500275466334 796.4446960773719 1323.5127000499465 72.73319581106102 1907.7713927838572 3177.169844803353 903.0377368436534 3984.314830694031 2178.583066217773 302.23312678789284 1226.4996684551877 2205.634754162371 3826.470401808439 2857.0375680189945 24.822352286995965 3035.082087144963 3582.7445976695885 464.59153959049127
3289.2924969952937 2267.792330159467 554.0961632080634 75.93286429022896 1532.9724333750182 3724.1656633876155 1757.0767267466508 1476.6804258495345 55.64920033959493 3281.80000449422 723.3192105820638 262.7337043737525 3792.376353960218 1463.6758533737689 3526.9917076810852 1055.79361070606 648.3204932134213 3753.564429828279 2237.0674615264306 2167.763310171664
3197.457816173772 2677.5509548240525 937.0395285839988 3498.4139506537485 1007.1132821807303 114.6740593571808 3802.3866714122614 3568.22899273025 1202.7406179783382 452.53989322975076 3136.243801479819 3727.7251513566516 351.3086513178098 3217.43880811906 1159.3579640710514 2750.304964384662 13.120358463154616 3863.387956920012 1146.3544444685035 2583.108648430428
3737.7625006958096 2822.127306052541 2389.229772247434 1372.7140405610835 973.8317202702635 53.94927543502354 2592.031282482691 90.96858424898983 2107.057429439112 1145.3808541496192 1416.648350347324 2024.7607749903973 3080.1986335019637 2104.421980576358 348.62230119888613 2257.168506743905 629.1810211654495 2272.8166747889127 1701.8269213629162 900.9697042912462
1026.4355038628516 1053.1101255298236 258.57343176707514 2823.953416401449 725.6357047878018 2983.7292820718467 1878.363570055119 3207.9889516222647 3072.9134072632437 1824.6702925369927 134.86029693792784 47.55587058827041 2432.417673615838 1798.1903205412912 18.04951155659569 2030.1541658632036 500.74345624868056 1737.243425416813 3410.486659364873 1579.9544904021623
1611.52429437709 2276.0539213180255 680.2608319346014 3316.288049803752 2646.0843278836473 1578.0743213206204 2430.875156638913 2703.44126406606 133.5734515502263 973.4247467647008 3543.8703198589237 758.962409407681 2091.494982105834 2927.2198734212107 452.75071945242917 468.87393070580333 17.966775472408926 1359.7314782966232 2723.003453862037 3637.7900950669386
1145.8257320851053 3088.9801952454764 1831.534331449007 1163.1238492477069 3842.3052592899376 2564.6144673190197 2643.5105124115557 2038.2192867278945 1921.8633574148867 3736.839747315366 3778.949802566936 1888.7385524708793 3067.4553761743473 1666.6549918343435 2744.85808147516 2570.326785421594 1093.714159557027 196.53602256741874 375.47643191180714 1715.9366713871145
2768.7559171255707 1732.672320087584 2016.644270535184 2564.971454987386 984.8674232124814 3110.0444779044983 2571.0303889630163 1245.9492405269907 1170.108724376329 1353.5588527628247 279.4998643438862 1439.8563460143778 1506.0530648883605 2576.6538607436223 2979.734538894233 3055.7647320692513 1353.8031291525526 2654.2170800798904 839.7433844593722 1277.9350806851107
3797.301402975929 2392.8254649834703 2122.7632088993732 2397.1923066788795 537.9321543225299 2141.680096698122 1184.5852918050418 1536.403167685749 3003.4663301345076 2781.465187584008 3334.1271904335763 3073.4689799054827 2635.591703153482 3892.1857222851827 703.1475191521702 3615.254081269245 883.2114242138557 2204.342892331822 478.8966023082687 2546.553420221082
2039.5994275494945 377.26376920938037 3920.1206293607183 2754.6017956109854 733.9397536737877 3085.89156141294 512.2237521252946 3360.6428487056714 1322.3061644996624 530.9973373656201 2842.364373679416 541.8072709199184 950.68136180485 436.7799230665214 1120.5306735063382 1924.4348319015305 3344.8699345808714 3525.485528235771 1414.1541215544153 3213.07993283333
1777.2360419678218 883.4360666489833 370.57131838246573 1133.769930760622 693.669545704608 3161.39405894477 1560.8897813525914 3916.3123257920884 1871.0470995407995 1320.0458985213106 1049.6586526286906 985.3318015847194 2058.1331956418526 3989.7566404815498 427.19584384077757 3386.613081584865 222.28006785769458 3613.9084643536335 779.8221560386498 1720.750534135191
2028.00219150032 3373.256169155541 583.7037145228812 2764.7913380080736 2496.486556893671 1372.941097440737 3547.4916427644494 2782.344712677402 1313.4077867414824 1880.3831400691963 972.1015220125641 2599.7106398477135 1016.4530027821619 2744.060687067186 1054.174121195184 2137.5103814615363 890.0356208263825 2521.7824235479543 367.5628051509068 520.2238384044504
1018.9507006437263 1057.6000749948182 621.8808735330365 3297.9706985830194 1439.7514993096445 343.80286793550636 3512.5238760666825 1787.424843632094 3141.6278219932296 2451.610151994331 1694.4892994530437 1825.4542551036734 2787.7043552626574 2693.373965032064 2573.3263362326725 2239.6269166945726 141.75968392124992 3865.0419381519937 509.7466239512944 1294.3753396447405
288.053365200474 2596.696813857093 843.2706488031454 3434.470156111982 3054.492067300809 726.7268401981796 2559.282851556084 210.32070540527184 614.5408770281299 2335.4608087769357 3348.9165705805726 370.91666752092283 877.5968409490567 299.59993619078296 3023.241251496276 114.16245433570134 101.97105291419871 1036.5033686597594 2160.7577709886446 1712.6911230299875
167.40314287441606 2890.8757564906755 1155.0744025126082 3968.7940402342247 2311.074161977761 1272.502655382219 731.1698813919061 3548.4162101056 1343.0227320661957 1264.8553875212674 838.6371112521656 544.8572049965358 464.1789436572501 1536.546544344349 2926.3979047744556 1048.7885138425709 840.0005084841982 1309.7075845165923 3579.5226497082385 2837.431078345522
1868.4970843556737 575.5815468280559 2071.586746538856 1309.5138663883467 2727.1572990089508 1654.9835063928597 2807.633958239031 3906.278458706528 2511.5678949138273 2578.320528685642 3614.1463873693237 2920.3228393265413 1664.0218266617933 3661.7458652330624 696.8149509501895 2507.1348375667158 267.07586572252353 393.5337880652696 2401.5592414638536 3176.711244148969
822.136718846489 3558.397662350819 2170.1156291737293 2867.7440786629945 2970.153988677465 2137.5917828106344 2370.8570145502063 3094.512368259654 1343.5935027127675 2003.4540739144074 3794.3188376916764 3264.703878125825 1965.3059818448294 3750.8900527307724 2151.246240274589 3639.38532039013 1484.1912088029285 35.446879995641666 1881.0861102783942 1820.1203077899586
914.856444851612 1950.0610486197938 3906.0136318494774 1095.3298091605302 3306.28629338293 241.33071103371594 3841.5917598058136 1323.116662653839 1301.8310862912244 2146.2761412356995 1788.627229077849 42.59765396631815 1944.9359780428335 3684.1033953898936 2198.0122632882953 1216.9578524004128 1515.4336789963154 2293.7362635035943 2671.8916497257674 1223.4298431294794
1137.4572564291623 2929.3572355140614 3695.9646562923 1586.8090680462408 211.8526079667165 889.4595181167185 2793.2454274405445 1820.1301084019246 614.1494759418044 2181.3790049644863 3196.4329860322764 606.1935917929113 1541.511068564818 2686.525971969086 1787.810604611519 2864.821461801095 3921.569019945796 204.3221419139486 1587.786814267306 3534.810607127967
922.2665051250033 69.91988301470451 594.6652337507298 1830.6489247045695 1869.7805764125835 1176.2386782690965 2255.6287729490286 223.9404933305443 2255.164423093751 3912.1565482096653 2894.1575791093005 3409.8142591148708 1240.196375675802 2363.451895392223 3389.2887869041397 2850.8127558071874 3951.5565977449273 1224.4268333968753 3425.1493458883206 3986.19575877797
2621.269679512881 1735.0016968065188 422.6552022099272 8.688523624598247 3150.122943358482 3103.602558616013 3257.9622862146307 2609.2872971240563 950.9938862593178 3219.417347193701 2916.2287783278143 1737.743578190943 2301.7435574048445 425.56238792344107 1911.4159081109165 652.2343123655028 857.6353730070091 2157.9131847518115 3292.1837719631367 561.1573498521952
1717.5562477945996 3021.964501101314 2633.473446960014 3313.034554396674 3749.1993050550677 796.113074232336 1196.8644133439484 3797.131152506832 886.6106943378975 211.47638815303117 3360.0087686035176 1039.8499965386745 1666.9351492447154 3858.0250648455285 440.1146725595911 2170.3658073419006 1793.5219383220292 1120.8756842163975 3312.0104699482026 3491.0650507388336
3729.8824075067423 2808.8032264538515 2915.0226895482456 3871.262331803786 122.41837710857158 2130.6842024879543 1601.2386161461718 2236.671641108646 2842.5498961690882 3292.1000660958516 1238.834728610344 1439.748472322664 0.017133568025656132 1105.7351705841138 228.98463468331306 757.0291071906995 1216.506919403722 1621.8830901438798 3299.5591715489036 1846.992735074012
743.41827144391 527.3410611440145 2727.3313964241815 1925.7470835710837 1185.9464195544808 2284.7674768976217 887.7004361486165 1357.7808407805562 2430.3306064595076 785.9672200860853 223.2880313652604 862.4949552022777 3022.3994607225923 1526.3386820862238 834.1674375283303 2058.9029858475024 1237.533356767794 2687.5174325113467 1912.6731177149727 163.48717095256097
809.6808759181934 1733.013832270002 334.46183322148 1121.1691481650764 973.4914852821066 1902.1806266371373 2561.262711690834 2480.212619680848 857.5402509202963 2374.264961975717 3850.3697880035934 3252.707419168104 106.30805665546109 121.89451414841733 3543.3110506902726 2367.6747814734063 2771.482809660566 3577.615436581472 2126.1024269601494 3493.4605558764542
113.8431475038542 1573.687028944494 3940.221304381948 1482.9113526514197 3199.853201467731 3237.256230681549 3524.429797420501 3713.815374451406 2745.034881030416 1356.8127984974926 2914.07625232617 3189.98066721658 487.7174278729276 603.904785647157 3958.69959976343 3663.1807651538775 1703.7602873969404 1342.1265697349702 2460.0797223833933 1141.6409341275594
3334.785527067954 2254.528793021688 1560.9887471988063 3647.6697630444096 2786.8544907749115 3365.710519051402 787.0032700681691 2792.325903528663 2272.3031486967907 5.849773435098086 1225.6483517594806 2324.7974915752065 2061.1915795663936 245.27770973391057 2992.3045633484876 2568.106283981211 3770.0557349032833 1397.5410246743304 3192.386466289028 3391.407746947186
3339.0684804480934 1252.3051165269048 111.1361037541169 3617.538419525158 1833.2522579866036 2621.455607636667 664.9599815649233 3731.8445808080696 1629.0988568376342 2161.225617966152 1417.3185826189142 3077.806502843099 865.1439269177565 3965.9459256827563 853.2857044460541 626.2120900365696 3436.3287635421702 277.32083982471545 2555.257071606855 2571.572337293092
1481.922164077448 3369.576027000626 2209.84614099804 2949.0257547061615 1919.928918860914 504.26649214919917 2907.806526759893 470.90887584521283 1281.9727999090987 2520.778682184762 59.51552159236235 394.2421203214792 1566.5255327635955 1006.2128104767991 411.41775713345396 2176.2394729226507 1.8393698169338677 272.02332743127 2217.3148000739297 2955.655005669753
2213.7810227792597 2368.480721952718 3167.4633418911126 3134.738798029738 2910.9553188173113 1971.8194229965777 165.9449685167367 2520.4816083171654 130.9369763843531 1908.5086450420113 3720.735254773511 673.3404127645022 2967.3437957071674 2077.6107049906436 2275.901689169471 2230.6240158123665 1384.793121739821 3042.7849603190125 3410.2433395565577 3294.1481024525074
3823.7202846833525 1489.4216832597197 2084.586330592913 981.0143818950179 3310.172889394231 2877.99946411992 2722.726484651058 3077.7457627422455 2554.265879285913 1514.7627811179113 3407.184724989327 823.6788523931714 1578.174280501545 3202.5666193625757 3477.8609539974277 2468.6664794608537 577.9148493751425 330.7223207600264 2385.7010947320605 3944.085615564274
1458.5876410950918 991.1832323246457 390.7976740770946 2151.10992503503 2021.60493671094 1672.4828672251197 2077.281534211821 3890.0721367585975 3343.204143436965 2683.5080650277555 2975.69390113166 2801.793766886458 3110.914720714162 3421.775587466306 1860.9677617126924 2137.8384559938113 2766.937185941464 3576.3725092073482 2831.7401005369106 2179.609889119024
2551.114735429378 3859.2011790118145 3104.3369254322515 2878.384727061373 3484.1466764608986 3586.0587933691413 2822.370927305464 3987.4033241514467 2672.786812281316 3287.3785505905194 650.3330549171121 3985.46356732983 3891.459818624873 1660.5097462750346 344.1743882705782 840.9678401178148 1069.6644444802512 2370.8034158868372 539.1178808073089 3972.452866008831
2701.958129752815 1133.713660988016 610.6292220511355 2525.7496134218563 3356.210453186739 2454.6136004440423 1323.648950942018 3171.7698366145914 2805.530047936861 3039.227897263311 3170.73851678118 1784.9346293083324 464.40857308695104 1496.575448282056 3346.2304155738066 2559.0296684872774 1608.7080948141984 3081.2589558902673 2743.547833304634 1107.4626147068275
1622.6762061148324 3360.7446767714337 1564.5014436317942 3540.8133683663664 2509.4744893242014 2826.307404096906 2648.495069698156 1639.550264983352 259.08270475093605 2279.870321005795 1200.876074879953 1875.50701443722 1695.9515610534918 240.17535617017188 3836.4069963109787 1583.025572397739 1844.0390920027303 189.95562152673006 3676.0351372793543 1870.4490891036687
497.6148150206204 3042.7977625475914 2225.2350929664517 1025.7258467674978 2561.922890018876 2292.9447597109424 2502.996636381569 3347.9523200619406 3980.1647580859744 1180.025320687977 247.5797167705532 304.1131181930491 1317.5579270541884 2219.819464338924 2279.5603135434853 1852.1908235358171 2958.7620962838064 1297.0069666363227 3750.656291407715 2270.720349960925
3426.408494932483 308.98462286781614 1944.074660911955 3376.9325771575304 3579.81002307955 1294.5029444427414 1551.5717035560392 453.5469684970908 1121.4953569198544 2225.1780532739917 1714.6779329457722 3880.918967392768 2336.2654779964937 2202.377128383473 2851.584745377581 1558.077002938448 1771.7413784812677 1042.202934695786 1730.6117567590702 3070.658900895115
1340.0023665776537 855.337257474944 904.3031079959958 1081.4177392160664 2169.7204041203977 1494.6236188206888 2609.99715296228 406.6477482640387 1180.5520621593741 2980.653625513841 425.5248180780384 509.816749211617 707.9620317177614 2665.325955202172 2697.0335207348885 929.382991510161 989.4265388491283 2788.533984030034 2914.763428910791 1584.3173784101955
2309.22089316284 2366.3806034739796 3434.857817966719 1011.3193848971242 1062.1517224422073 233.49624421264184 2921.847199515648 1287.4856136374747 1330.8233051332618 1820.9480310791032 218.57626088433744 3776.9287533772704 2990.0875933142847 1394.6198853094627 2797.35843471748 2061.2047403753418 1534.7346311889032 2342.7933662762375 1985.0217175333512 1620.207448359738
3212.920633812504 3202.7022024545604 1826.7204808009096 510.39670747149876 2879.4041193056346 1927.5330425363904 2759.756729190384 3420.7717664451743 1119.6815539578492 981.029316680321 3074.1179912516227 1180.2446579526772 3101.0362142669737 438.82177553518886 3192.234089027973 2158.463655546289 2783.800541700384 2107.26252331417 3379.465301445601 498.7529843963014
995.511308934728 303.0668706164108 2243.755455107103 2288.583779268911 1071.079895093893 473.93928105602527 2702.2492118108635 3774.2858249407846 2625.176557821418 3922.1126730826686 3315.123511653116 3027.048612794192 3048.5915896520637 3182.037247445175 1992.7263605337328 2737.37322029851 709.8270723896976 2015.1163639816589 2412.644114620231 3620.756951377106
2402.2050213607918 3268.478020380192 891.1715636619438 3343.9240324746643 802.7707304313051 1459.3240695315028 3622.6804696011613 3730.092539612072 3868.103463155118 3542.3705020521547 1696.2900930876112 1010.1287239721279 1471.8884947556662 155.11371279930313 192.7809019496069 2459.874573216302 628.5292100157544 2680.6498005328294 2379.2613078854756 702.7703187643851
3298.52810003589 3763.182692743603 1945.9676387900724 1160.195345564694 3966.6733783927107 2039.4642791001227 2929.499402082924 2889.953810970059 2374.566033563784 2208.4943570102832 448.3666820471349 2136.598699041933 2204.8385802056264 2252.308013345734 2599.3674543687835 2391.5702648574397 1808.4286408257065 1725.6998810107125 1884.8308872247562 2720.5476819676155
2831.2914896186508 3001.4745596213056 3066.2456616772834 3662.195563427372 2094.4801586967333 903.9995519020465 2397.784741857836 1432.692304719211 1938.0183001611422 672.1399931200183 3329.1761581819446 3171.2380544531525 2756.1642590534325 3266.7002842199504 208.99480903108497 2777.391058797556 2681.833170447929 1177.8276806606295 3661.286235427149 3051.9588330093966
2103.6449984922033 2624.128524118416 734.9058106244986 3335.5165687868566 3964.4461825891085 3739.0360126734968 6.0918817889423735 2340.9190447864426 2224.1991479075946 88.2914145033626 3565.3705968016266 1806.1333757489826 3247.9955452274226 1032.335601214756 1220.2566577223165 829.3966899564275 1830.789149246245 1370.9521684737563 2097.5737122755595 876.5706683502192
1127.5927915776065 1634.5181782412008 3474.9646489458373 1362.6524864048336 632.2558797431354 3417.019057007461 957.9367538923113 412.2944077853715 2234.6868577567916 3548.3225773160525 1758.075195946304 3380.978523166923 1562.5831934171886 800.7996751508667 270.0696101790752 1796.6384180967889 1761.1170371958776 3937.7179184131305 2585.9311151544503 291.32620362103444
3340.3902065727552 1174.5859272324908 1894.2164701471952 3359.014638902826 1789.3795359829094 159.02268181340105 48.030099369454774 1412.6156925236044 559.0719298873719 43.406880140883004 1455.7435021525578 539.9528769165308 237.39491653142863 3925.355909626498 1508.7956599242184 142.8061792888484 392.05113285125526 738.9793316943046 1115.859285186867 1792.1598607809074
1059.4682395810037 61.06404329218276 2691.100676482838 874.7006636289543 1884.980423100596 161.52876472773778 2752.105458620294 598.0957602658475 2667.121275298653 2898.8694331237757 1289.1421519136688 938.2114190049524 1767.3866950803072 1079.1269674201421 3778.6048551967715 198.15969186031657 866.168697640599 3846.5569551693984 239.62341926713816 3989.5897034114596
3254.6695351464086 1467.3804313777441 3145.571196478526 97.14699532125906 642.1730441460425 3047.8138825615824 3974.448332408104 1378.8044278977677 1193.8128431404366 1966.58204102044 2884.8699927953594 1810.900635033931 3168.2573455106403 792.7806838206318 3209.4899264055007 2849.899130414183 3845.8099762645124 1969.7893328707883 3913.442176060835 541.8452329509641
2526.1428326570694 3692.135853585436 925.3014588815217 2848.538727645472 2123.349745072523 1004.5610922519086 2067.8471023947714 2511.8994341577354 1859.6516707261478 2857.108441265195 3171.4829549548194 2623.595476381266 1157.8349513924313 3704.456803985902 3833.6746184052 1321.4393670096983 3089.694732231953 67.59037381353164 1226.156462936855 1842.8530861765807
3207.6823028188574 2030.5119908162283 3227.081596367276 68.44093233736362 753.7427787735078 3799.348183373255 1728.0237132760715 617.3900627692972 3357.7022526005103 1206.902305550348 3045.1191598878077 1798.5037557565206 1288.7001878166811 3921.153977512969 3990.7023430316995 3671.6714988065123 2961.2963522667865 2133.1512157369043 1236.253937811875 1126.136240143771
2052.950091179313 1616.6879420000414 354.28509949770637 2205.808871613808 2853.6184113217214 1046.0138557362443 1227.253287475691 2004.5715231130491 464.5027587695952 1253.9427422450524 3138.3083339553277 2815.914832209679 818.5505980993062 3016.717506404604 3034.4194651956414 3377.0755894770073 1860.6028462011993 2284.9906756564988 2772.362074336289 3092.166289646294
1908.4068608586736 1209.7390524499615 1969.7060959834537 752.6318682099813 2718.7554526701306 840.5050212756967 2365.1031774407775 2631.0331835169004 2585.8507570140778 2054.537478617746 391.46395197214406 3450.087019116615 1736.4453368590243 3268.993645892213 2937.447562539197 1897.45927467294 628.6394961667718 1384.213097255592 2766.3729681057484 3148.956954110733
1540.6739479570617 2365.4351573991107 3333.6113925591444 835.8161805754567 1970.665906738034 3671.8084354407947 2218.9906003950555 3101.0553725713 207.74858190747523 1990.0553572757756 1633.7608309586474 1612.7960488761296 3464.0894372774274 1867.9234668458612 3617.9750635693395 3668.376764004558 2372.032786808587 782.009462825898 2239.2280431343975 688.8389883577811
2825.3783161092724 835.2225967146017 1777.9098117456415 2713.9520584983493 3349.579173482118 893.7209450769385 1139.1454470895414 3469.2400665573286 3734.695737917993 3025.946338434449 627.0264381973032 1446.787793573205 2472.8122081594856 146.4810722099444 3358.6754265406216 1181.9489286573335 698.9889434527759 3365.6948257652516 1330.8382983429 1886.2142760969753
2009.9102025389545 409.5297907013871 1363.9716398746211 2458.4414527118065 145.7516033451559 2826.2136605678124 2798.661864289382 3375.5729768584533 3645.9306009596885 452.65715888894624 831.3970145676296 2872.6212707462355 1308.3975689720478 2616.463095415791 1947.951713419053 474.5659274055063 1704.3645231406192 513.599865957036 2296.54867749903 1141.188964347509
3708.197718996602 1134.058295077823 1912.180062668308 1303.1134514247583 2250.5996504368436 2988.042227715963 3909.96095683997 381.11609425187794 2818.606207445415 3355.8051447723083 3525.757506858255 3845.088830274558 386.6192880947028 2853.6474851471626 1085.0305145816606 352.93851912768923 539.1763591922372 1310.3985977957327 1641.9927668069772 2375.560917813836
3059.263057949902 1402.0956833742425 1460.9794457530634 1883.1769320565002 2089.510566502383 2884.2108833602974 1414.6445022723144 1441.842662536696 267.53751344763464 1507.8022980088913 3882.1020288169093 411.400035446316 641.3754303844571 3426.7133948902183 447.53142018103017 1039.4885740011005 2745.860928427758 892.0654864618634 2505.0682697721686 2192.315619035357
1916.0106457550369 3613.0814047923127 1017.4874209616962 1773.626195328009 721.3653884563237 577.0747355690742 2724.6060943986577 172.70315849644658 1381.0450431142021 3684.448730181739 295.7449652280095 2307.537904183675 667.8935649977134 2712.5492999390463 1873.8913010535496 651.1095123640773 3975.876507053111 3150.4603088778113 59.35931340527259 1347.6219906237397
982.6091584522168 3130.8122107542486 370.02571319371873 3201.1007172401087 1762.3479579638897 2450.44280800068 815.7466024092032 3459.673953156108 574.5640493268488 3736.4041091679946 333.44326500877355 3032.0286114052187 3426.003845388708 339.9178115964223 369.7054426318448 1888.016060872557 1741.9198868522865 42.49490679150199 1611.8436612819414 2505.411449341119
3112.7399002705047 1888.6812934744555 2777.1418881302193 3310.634927447244 1219.909789575297 1464.6938270970247 1547.2821345725883 2150.620431389599 193.28395753579912 1163.9732225451135 377.0075298256761 2892.0557116904392 1943.9236872856477 1975.8018608404675 2070.0319066555116 2548.1883245869253 3908.734757088398 2109.956011808536 3984.2562233083363 3445.027075642135
115.86017923480608 3188.0424239391464 3470.967464938855 2017.7275486983822 2487.0383398448944 1732.159936857311 2388.0324637681674 2833.4204944744893 981.4499977956093 1939.2044083313965 485.5172682479738 3956.877114422068 3058.4230466885015 3948.3367868234345 1672.4165338560342 383.0585305667462 593.9386468816533 3970.4995288795035 2203.9791997901 3697.0684084119107
2458.3798909506454 3182.4927788578802 1558.085009216597 3203.3228486394364 3419.3047921431416 2108.108688621431 2438.7069449758355 1946.979504556111 382.0322960663352 3555.124378770941 291.5181175347868 500.12385341276604 3730.4523862613914 3735.489827978602 2864.6407387226777 2202.5514022446387 3980.141991713975 1059.932825250288 126.98996332833804 3536.2917337324698
3293.635324771928 1660.130538942299 3197.5485109050305 2698.7406768933 470.5035872753124 1925.677310363215 1521.3289021429782 1225.0685656447993 1714.5688384503503 3499.7862593477316 118.35859675715278 2606.015711237078 1223.6527628215554 2406.2250985667506 76.98519158241925 1493.459353914261 493.82342792240456 1677.9654704222994 2136.274977762733 2881.4763238003293
471.30511814971464 2416.1716994315566 2936.547146740133 391.4212358395837 1797.1532901494368 3982.7545990221306 57.30200631245407 473.2664108144204 407.41771359158497 639.068488100281 1959.843836114294 2379.863423143659 1727.977835535964 3459.789767702922 2332.378015941739 2335.467125387029 943.108986562645 1695.369262196119 2520.1232148869653 1813.9249684144443
3389.978108584245 1978.521473943573 3885.653395975847 3145.4949602660636 273.5407507329785 1411.8412678870675 38.63682703940435 2121.1371108562166 3774.2709961687087 2742.311309391242 2320.0828039312987 3862.897018061912 2817.0643979650495 3906.2913278168644 3208.1808183402036 1259.8988177378767 734.2964614129585 1661.4721705524607 3575.2484154614813 2966.3779926204634
2892.0150547383437 1022.1659162829417 1118.0577738517409 1937.415674695786 3726.032926988958 1442.839504322123 102.04833662425858 1471.6494600417236 2526.10174555472 3772.5320410442146 2232.2963375264917 2185.685757101092 405.49991332035734 2089.7413174252224 54.51476825220516 2689.179246515019 2640.4447476755586 2593.504434896754 3149.4298983107465 68.8525848296747
1383.2720272570832 958.7269156148527 990.1123183410649 1649.7820916627347 590.8230004439847 1090.737042809124 1837.4225471656564 953.357604803391 3039.384620971311 3043.563027241201 1141.6213737292069 1318.5943842766146 460.79910380019214 1221.5230282596422 539.2786544796668 1694.3898150825244 3590.1177838952544 2821.962965628177 869.4278082914923 1827.8861872968873
1436.7075144297546 1623.299515704823 3430.207863043451 3985.782900772033 1422.8923205055462 918.1603859938564 1038.5983573822948 1179.4398710126673 2247.619481831041 2117.845552416813 3612.465904311874 2339.6940585128496 3403.132956370134 1944.223012645023 3765.800779250004 8.73193455113119 250.88299256924802 3770.752418500926 2587.3879685172024 2943.244176973537
981.9308145297954 3214.2308407028017 813.8224468178921 2008.4941991243409 2535.92077550028 3366.8962488682314 3883.5275985217595 3698.9289777413032 1362.5892059022897 464.7058953874921 506.5668372888613 1152.7263522283938 2490.6744325821933 2797.2861207792207 3163.235766883989 2722.155938426885 3151.003403178055 65.7263731838027 1543.8184883713143 3968.9636148170302
1513.9662814210278 845.5315106339585 348.011029427528 1279.671240861167 2542.601454799947 1798.0475105890284 1594.1419371274774 3960.4730059071862 2105.2147163460527 2322.1146710413186 3212.1553460550867 1775.521495623917 1887.1861649210496 3302.4641939627745 426.447283729063 2750.6445103319197 1788.9958008351127 2779.294248437984 3512.6534776420576 2373.509908729477
760.0946019020998 3913.15924406471 3300.8914056599683 1934.4034465188097 2685.810476779531 1992.1289186165172 383.1520455713719 1676.4491755373974 3534.381405316629 2782.1063261174627 2238.328937097593 893.3384956343518 150.49077285961448 1754.854321725046 3269.013923683211 1235.4589114207201 405.6425390383729 1527.4060225420535 1946.0195247195106 291.5857146603371
446.92500598598576 2583.791962392481 2062.7455417288293 2528.6432714088387 3056.65199485989 2083.9212778613723 956.897897257441 1030.7846257058557 2491.0621505575555 411.36801758007346 3990.621761195371 2848.2054202747754 507.4244234122086 3516.669874704303 1191.7586865606884 3320.463305669753 1962.3803641769962 2719.8321529778377 1749.477987147961 204.32397195306908
527.0288986251028 3503.8823394549145 2456.93601506736 409.3239176353966 2311.817136451178 580.408959795848 1307.3588318567918 58.50816927959136 3131.5035296127185 1334.357122463959 665.8232192962262 1771.5741440724871 2446.7619510007435 392.25112704309277 653.5520033431701 2045.1074655457985 521.9384458233485 3377.259038784746 3669.508872166026 375.1419089853084
723.2577437176303 2970.6440322436333 2114.9908685288274 516.8687592426827 556.3340400903494 1333.1822709351181 2068.4698094976548 2718.5700725834818 1312.2450815064624 520.85898844813 1830.1878124474426 1356.8055575759317 1687.842762500294 2748.8770252434997 1426.3884664525692 742.5897995676069 3905.381532289826 2513.5527119017706 1443.5213777029387 83.54778874173803
1661.5805041402941 742.8666611088008 3449.1086675845754 3995.7658560538266 2388.6303336841147 1778.8390549570377 2216.798853184846 440.8882076930586 2626.7853633903865 1873.2384909041152 3034.718426602063 628.3620693695373 3933.6449628827077 1738.6693325289086 204.76242425966893 1106.0284474806626 2863.032362081358 3237.060583060096 3167.4096477037233 2868.814698382756
350.6295654103351 1890.4098398454119 3719.999088463632 2117.756376460524 3183.3158616391165 369.6589404416693 1898.9501337112622 1900.8750752451306 566.0901555242601 119.88897244089367 755.3237206643648 2725.8169056127194 3509.7556676300446 2865.859416300358 1840.2691322062976 1269.3186619423354 870.1134114978815 651.3302928603716 1976.0593211131788 3507.2190808629707
1569.2888487371786 2585.1390204039235 3029.4679331044235 115.68012702004307 2832.5437662683476 678.7434550049093 2399.503239362192 432.4001916161833 3417.592421766577 159.6312230674082 1274.185785099223 3087.507518913648 2759.982094825519 97.78004946170427 1140.6208671898012 3102.3973518206203 3533.6741967096627 1439.9485214474144 3158.979384889943 80.25483443261896
3057.479913854072 211.6042965971676 3266.869443968726 3828.390036736103 2585.579971929664 588.992626572149 835.1633581097396 3838.1512295175976 3667.216730702654 1491.109202275399 1563.6032894899276 3502.48245631577 40.460551632601664 538.3969310081916 728.0105591124993 1941.589406304474 2218.6397638686626 221.0684968650378 3021.6276601034406 3354.7396348157754
2661.3704902536842 1859.5718661903634 3408.7545781026165 1033.5957198357328 2603.1899490377436 2640.582037206915 2496.909657133771 1567.3850177216236 1596.021079175704 3983.524294324481 1893.5960922861566 3698.843378852099 1594.6766169114128 312.5968801061881 3228.56094515555 1941.0485185904113 3253.66208353 1654.9385885393333 1204.6216575999158 3198.733512998034
1795.039259409473 611.0311214749795 1620.298641642346 981.3037131484989 613.9692507844825 1535.6728156935148 3267.429490462173 3841.9189359068932 3708.6980674018123 1263.340848013248 3121.0180060192233 187.5016430259193 2449.084612775807 2231.1129890470866 3083.0993190598583 2046.1519714838441 3466.914333179855 3422.355165992954 2429.728176707259 2269.3639033462655
2936.7468453718484 1101.6765316072442 2120.8876602956207 3030.3883412249143 107.09908339559638 2596.048331487672 2115.0942623959772 160.5145447569489 539.5819366919693 426.2050172334052 3284.774930308543 1979.2475717657449 3143.337500634464 2142.2492151918545 2751.925237807476 723.1407240607437 2523.8983421109574 1506.986508762871 1635.2759031234707 3787.8503070734787
1957.9818141399387 746.1112963041048 1130.4348639193772 2674.6022056571396 2039.1110059853013 196.3250364802568 1443.1941174956523 3759.0431057069864 287.7581316757505 2458.652040071727 1112.4807089409496 2642.6248851183577 2621.528205573289 589.0223729263923 2190.4388717406164 630.0336788250131 1240.0214382348076 1054.3367671989365 2699.5417552109643 3301.5616936239444
41.34143358185838 1577.0651855717451 3957.0139928972394 34.27198214482496 64.98796213723335 234.08472139848413 3642.6171917317542 1380.9440807463518 1140.5230947022726 1086.4274762328018 554.9199989019385 3518.9100525962003 2414.4597013147086 1390.1466031405207 46.15273657760895 319.2314938220168 3878.3403828731425 1885.9209871045741 1075.346752158815 192.66425355585034
1540.7586071404373 326.41850009634913 1236.2004952224183 3792.090580074429 2524.2286941607617 647.5096403424079 218.9577842898275 623.628438496688 1673.6666059935742 1039.1969502039701 3072.4661735864374 2335.6622627875813 3391.0264997794593 1164.0893653765138 2795.8518527566785 2798.22625766234 3650.60103782918 3990.39320052718 3529.2178001298444 743.259149343357
1294.0002517520816 1475.7228028558327 3270.6711125169268 3234.4812505321233 3526.1862313424726 3779.067452137543 1806.6614750633846 1870.2978541476436 1205.631128721934 1395.324974939802 3986.877902146169 342.524100961675 3622.8582586969524 2064.1357439188027 2509.9241704155247 3685.8577909836176 3401.35286984947 3163.3501134167473 715.4781903151725 2062.7995630153328
3843.669524669891 505.53745169837407 1636.5589116146962 1873.3188759814996 1614.4172853792093 3406.984144171046 3724.64772178796 25.49159112180405 3828.1841440515477 3715.3291638204073 560.7201220906397 2635.2787509065006 1989.114351294238 3429.2380207655833 77.88093054496244 1045.476035749291 259.05625900209066 2929.477961032488 929.0805581657296 2436.712637601885
1260.3590183232902 1478.0821374436339 3584.2023505939583 1500.3580424285956 30.60726013743897 2271.2439632238984 1072.0564959988815 3211.5448384336214 620.2367872914856 3887.5184977879726 1066.7680043067853 2765.392617659294 936.81378217621 3966.0683297163196 1969.9007472117462 3620.436295061859 2133.420300685806 1941.4924295057654 2479.959686653158 3615.94886169882
3080.200604399046 14.85495939557859 3428.1145517560926 1862.2479148185419 426.72795214840767 16.170618095447026 1795.1877587029728 2062.6619031714367 609.7236076857132 2687.05196262155 2856.31586680396 340.5944321369657 445.50610753755655 2782.345537653846 372.3572806626928 1847.2677358879118 3066.975200882587 2015.729566237499 809.6111101291194 2028.9019773019995
959.0539604347562 697.3828148383095 2371.247576879917 111.06510751274618 1865.369330346918 1829.559042660179 2546.7530971430256 2594.8105522195365 1339.9067718975316 3034.049407319657 2787.7331969359016 793.9466384541029 163.21184712501235 591.3894001488766 2649.9593332701306 3048.8028715514147 2651.958346134081 682.632444369629 1925.8870007030948 2807.3706067649928
3029.220540200319 3429.3055330868337 1125.5500773861736 21.47544579096825 3366.658206763794 2039.8952513990664 2546.368294841703 906.8040893656107 592.3103770923556 3241.6417842246574 216.2159216965813 2299.6096688883067 622.6009386315834 3924.7742865138143 664.8815508365899 107.64242211859369 1065.285482971719 2995.169472713543 2953.2988525339097 3050.5770429344766
2399.7930397219807 3328.733044444114 3986.9673173679166 1219.55095085544 1370.071967571606 2717.107463686518 2401.722490349709 3854.021678665077 1365.0730626639092 3926.9988489701714 980.9484166454987 3712.3452250387536 3480.270228560268 397.31395921144895 1253.2262652138018 1033.1984818122478 322.579417138292 2151.05335560733 586.0691533046834 3561.8387673004045
