5 0 1000000000 0.004
9 0 1000000000 0.004
4 1 1000000000 0.004
9 1 1000000000 0.004
3 2 1000000000 0.004
4 2 1000000000 0.004
5 2 1000000000 0.004
6 3 1000000000 0.004
9 3 1000000000 0.004
0 4 1000000000 0.004
2 4 1000000000 0.004
6 4 1000000000 0.004
7 4 1000000000 0.004
0 5 1000000000 0.004
3 5 1000000000 0.004
4 5 1000000000 0.004
4 6 1000000000 0.004
5 6 1000000000 0.004
8 6 1000000000 0.004
9 6 1000000000 0.004
0 7 1000000000 0.004
5 7 1000000000 0.004
6 7 1000000000 0.004
8 7 1000000000 0.004
0 8 1000000000 0.004
1 8 1000000000 0.004
4 9 1000000000 0.004
5 9 1000000000 0.004
6 9 1000000000 0.004
8 9 1000000000 0.004
