8 0 1000000000 0.004
9 0 1000000000 0.004
11 0 1000000000 0.004
12 0 1000000000 0.004
3 1 1000000000 0.004
14 1 1000000000 0.004
15 1 1000000000 0.004
18 1 1000000000 0.004
1 2 1000000000 0.004
3 2 1000000000 0.004
8 2 1000000000 0.004
10 2 1000000000 0.004
17 2 1000000000 0.004
18 2 1000000000 0.004
5 3 1000000000 0.004
13 3 1000000000 0.004
15 3 1000000000 0.004
19 3 1000000000 0.004
0 4 1000000000 0.004
3 4 1000000000 0.004
7 4 1000000000 0.004
8 4 1000000000 0.004
9 4 1000000000 0.004
13 4 1000000000 0.004
0 5 1000000000 0.004
2 5 1000000000 0.004
4 5 1000000000 0.004
14 5 1000000000 0.004
15 5 1000000000 0.004
17 5 1000000000 0.004
19 5 1000000000 0.004
1 6 1000000000 0.004
5 6 1000000000 0.004
12 6 1000000000 0.004
13 6 1000000000 0.004
17 6 1000000000 0.004
2 7 1000000000 0.004
4 7 1000000000 0.004
5 7 1000000000 0.004
10 7 1000000000 0.004
12 7 1000000000 0.004
14 7 1000000000 0.004
0 8 1000000000 0.004
1 8 1000000000 0.004
3 8 1000000000 0.004
5 8 1000000000 0.004
6 8 1000000000 0.004
9 8 1000000000 0.004
11 8 1000000000 0.004
17 8 1000000000 0.004
2 9 1000000000 0.004
5 9 1000000000 0.004
8 9 1000000000 0.004
12 9 1000000000 0.004
18 9 1000000000 0.004
3 10 1000000000 0.004
4 10 1000000000 0.004
5 10 1000000000 0.004
6 10 1000000000 0.004
11 10 1000000000 0.004
14 10 1000000000 0.004
18 10 1000000000 0.004
0 11 1000000000 0.004
14 11 1000000000 0.004
16 11 1000000000 0.004
19 11 1000000000 0.004
1 12 1000000000 0.004
3 12 1000000000 0.004
6 12 1000000000 0.004
7 12 1000000000 0.004
10 12 1000000000 0.004
11 12 1000000000 0.004
14 12 1000000000 0.004
15 12 1000000000 0.004
16 12 1000000000 0.004
18 12 1000000000 0.004
19 12 1000000000 0.004
0 13 1000000000 0.004
2 13 1000000000 0.004
5 13 1000000000 0.004
6 13 1000000000 0.004
10 13 1000000000 0.004
16 13 1000000000 0.004
17 13 1000000000 0.004
0 14 1000000000 0.004
2 14 1000000000 0.004
5 14 1000000000 0.004
6 14 1000000000 0.004
8 14 1000000000 0.004
15 14 1000000000 0.004
19 14 1000000000 0.004
0 15 1000000000 0.004
3 15 1000000000 0.004
4 15 1000000000 0.004
5 15 1000000000 0.004
8 15 1000000000 0.004
3 16 1000000000 0.004
9 16 1000000000 0.004
10 16 1000000000 0.004
15 16 1000000000 0.004
2 17 1000000000 0.004
4 17 1000000000 0.004
6 17 1000000000 0.004
8 17 1000000000 0.004
10 17 1000000000 0.004
12 17 1000000000 0.004
13 17 1000000000 0.004
15 17 1000000000 0.004
1 18 1000000000 0.004
3 18 1000000000 0.004
4 18 1000000000 0.004
11 18 1000000000 0.004
12 18 1000000000 0.004
13 18 1000000000 0.004
17 18 1000000000 0.004
19 18 1000000000 0.004
4 19 1000000000 0.004
9 19 1000000000 0.004
12 19 1000000000 0.004
16 19 1000000000 0.004
