3 0 1000000000 0.004
7 0 1000000000 0.004
8 0 1000000000 0.004
11 0 1000000000 0.004
13 0 1000000000 0.004
17 0 1000000000 0.004
21 0 1000000000 0.004
33 0 1000000000 0.004
34 0 1000000000 0.004
7 1 1000000000 0.004
9 1 1000000000 0.004
10 1 1000000000 0.004
11 1 1000000000 0.004
12 1 1000000000 0.004
13 1 1000000000 0.004
20 1 1000000000 0.004
23 1 1000000000 0.004
24 1 1000000000 0.004
26 1 1000000000 0.004
27 1 1000000000 0.004
32 1 1000000000 0.004
33 1 1000000000 0.004
34 1 1000000000 0.004
3 2 1000000000 0.004
4 2 1000000000 0.004
7 2 1000000000 0.004
11 2 1000000000 0.004
13 2 1000000000 0.004
17 2 1000000000 0.004
18 2 1000000000 0.004
21 2 1000000000 0.004
22 2 1000000000 0.004
25 2 1000000000 0.004
27 2 1000000000 0.004
30 2 1000000000 0.004
31 2 1000000000 0.004
32 2 1000000000 0.004
34 2 1000000000 0.004
4 3 1000000000 0.004
5 3 1000000000 0.004
7 3 1000000000 0.004
8 3 1000000000 0.004
9 3 1000000000 0.004
17 3 1000000000 0.004
20 3 1000000000 0.004
22 3 1000000000 0.004
23 3 1000000000 0.004
29 3 1000000000 0.004
30 3 1000000000 0.004
32 3 1000000000 0.004
33 3 1000000000 0.004
0 4 1000000000 0.004
1 4 1000000000 0.004
5 4 1000000000 0.004
7 4 1000000000 0.004
9 4 1000000000 0.004
17 4 1000000000 0.004
20 4 1000000000 0.004
23 4 1000000000 0.004
25 4 1000000000 0.004
26 4 1000000000 0.004
27 4 1000000000 0.004
28 4 1000000000 0.004
31 4 1000000000 0.004
33 4 1000000000 0.004
1 5 1000000000 0.004
4 5 1000000000 0.004
8 5 1000000000 0.004
14 5 1000000000 0.004
17 5 1000000000 0.004
18 5 1000000000 0.004
20 5 1000000000 0.004
22 5 1000000000 0.004
27 5 1000000000 0.004
29 5 1000000000 0.004
30 5 1000000000 0.004
31 5 1000000000 0.004
32 5 1000000000 0.004
33 5 1000000000 0.004
0 6 1000000000 0.004
1 6 1000000000 0.004
2 6 1000000000 0.004
8 6 1000000000 0.004
10 6 1000000000 0.004
13 6 1000000000 0.004
14 6 1000000000 0.004
16 6 1000000000 0.004
18 6 1000000000 0.004
23 6 1000000000 0.004
27 6 1000000000 0.004
30 6 1000000000 0.004
2 7 1000000000 0.004
4 7 1000000000 0.004
5 7 1000000000 0.004
8 7 1000000000 0.004
12 7 1000000000 0.004
13 7 1000000000 0.004
14 7 1000000000 0.004
16 7 1000000000 0.004
18 7 1000000000 0.004
22 7 1000000000 0.004
27 7 1000000000 0.004
28 7 1000000000 0.004
31 7 1000000000 0.004
32 7 1000000000 0.004
34 7 1000000000 0.004
6 8 1000000000 0.004
10 8 1000000000 0.004
14 8 1000000000 0.004
16 8 1000000000 0.004
18 8 1000000000 0.004
21 8 1000000000 0.004
25 8 1000000000 0.004
31 8 1000000000 0.004
32 8 1000000000 0.004
0 9 1000000000 0.004
1 9 1000000000 0.004
3 9 1000000000 0.004
5 9 1000000000 0.004
10 9 1000000000 0.004
13 9 1000000000 0.004
14 9 1000000000 0.004
17 9 1000000000 0.004
19 9 1000000000 0.004
21 9 1000000000 0.004
23 9 1000000000 0.004
24 9 1000000000 0.004
27 9 1000000000 0.004
28 9 1000000000 0.004
30 9 1000000000 0.004
34 9 1000000000 0.004
0 10 1000000000 0.004
3 10 1000000000 0.004
4 10 1000000000 0.004
6 10 1000000000 0.004
7 10 1000000000 0.004
8 10 1000000000 0.004
9 10 1000000000 0.004
12 10 1000000000 0.004
14 10 1000000000 0.004
16 10 1000000000 0.004
18 10 1000000000 0.004
19 10 1000000000 0.004
21 10 1000000000 0.004
22 10 1000000000 0.004
24 10 1000000000 0.004
25 10 1000000000 0.004
26 10 1000000000 0.004
27 10 1000000000 0.004
30 10 1000000000 0.004
33 10 1000000000 0.004
0 11 1000000000 0.004
4 11 1000000000 0.004
7 11 1000000000 0.004
10 11 1000000000 0.004
12 11 1000000000 0.004
16 11 1000000000 0.004
24 11 1000000000 0.004
25 11 1000000000 0.004
30 11 1000000000 0.004
32 11 1000000000 0.004
34 11 1000000000 0.004
4 12 1000000000 0.004
6 12 1000000000 0.004
8 12 1000000000 0.004
9 12 1000000000 0.004
10 12 1000000000 0.004
11 12 1000000000 0.004
14 12 1000000000 0.004
15 12 1000000000 0.004
16 12 1000000000 0.004
19 12 1000000000 0.004
20 12 1000000000 0.004
24 12 1000000000 0.004
28 12 1000000000 0.004
29 12 1000000000 0.004
30 12 1000000000 0.004
1 13 1000000000 0.004
2 13 1000000000 0.004
6 13 1000000000 0.004
7 13 1000000000 0.004
10 13 1000000000 0.004
11 13 1000000000 0.004
14 13 1000000000 0.004
16 13 1000000000 0.004
17 13 1000000000 0.004
20 13 1000000000 0.004
21 13 1000000000 0.004
22 13 1000000000 0.004
23 13 1000000000 0.004
28 13 1000000000 0.004
29 13 1000000000 0.004
31 13 1000000000 0.004
32 13 1000000000 0.004
1 14 1000000000 0.004
4 14 1000000000 0.004
7 14 1000000000 0.004
9 14 1000000000 0.004
22 14 1000000000 0.004
23 14 1000000000 0.004
24 14 1000000000 0.004
29 14 1000000000 0.004
31 14 1000000000 0.004
34 14 1000000000 0.004
1 15 1000000000 0.004
3 15 1000000000 0.004
8 15 1000000000 0.004
10 15 1000000000 0.004
11 15 1000000000 0.004
12 15 1000000000 0.004
21 15 1000000000 0.004
26 15 1000000000 0.004
27 15 1000000000 0.004
32 15 1000000000 0.004
33 15 1000000000 0.004
10 16 1000000000 0.004
11 16 1000000000 0.004
13 16 1000000000 0.004
17 16 1000000000 0.004
20 16 1000000000 0.004
24 16 1000000000 0.004
26 16 1000000000 0.004
28 16 1000000000 0.004
33 16 1000000000 0.004
34 16 1000000000 0.004
1 17 1000000000 0.004
3 17 1000000000 0.004
6 17 1000000000 0.004
8 17 1000000000 0.004
13 17 1000000000 0.004
15 17 1000000000 0.004
18 17 1000000000 0.004
20 17 1000000000 0.004
21 17 1000000000 0.004
26 17 1000000000 0.004
31 17 1000000000 0.004
2 18 1000000000 0.004
6 18 1000000000 0.004
7 18 1000000000 0.004
9 18 1000000000 0.004
10 18 1000000000 0.004
11 18 1000000000 0.004
12 18 1000000000 0.004
13 18 1000000000 0.004
15 18 1000000000 0.004
16 18 1000000000 0.004
17 18 1000000000 0.004
21 18 1000000000 0.004
23 18 1000000000 0.004
30 18 1000000000 0.004
0 19 1000000000 0.004
1 19 1000000000 0.004
2 19 1000000000 0.004
3 19 1000000000 0.004
5 19 1000000000 0.004
8 19 1000000000 0.004
10 19 1000000000 0.004
16 19 1000000000 0.004
23 19 1000000000 0.004
25 19 1000000000 0.004
29 19 1000000000 0.004
30 19 1000000000 0.004
31 19 1000000000 0.004
32 19 1000000000 0.004
33 19 1000000000 0.004
34 19 1000000000 0.004
0 20 1000000000 0.004
9 20 1000000000 0.004
10 20 1000000000 0.004
13 20 1000000000 0.004
15 20 1000000000 0.004
19 20 1000000000 0.004
22 20 1000000000 0.004
24 20 1000000000 0.004
25 20 1000000000 0.004
29 20 1000000000 0.004
31 20 1000000000 0.004
33 20 1000000000 0.004
34 20 1000000000 0.004
0 21 1000000000 0.004
2 21 1000000000 0.004
4 21 1000000000 0.004
8 21 1000000000 0.004
10 21 1000000000 0.004
11 21 1000000000 0.004
12 21 1000000000 0.004
14 21 1000000000 0.004
17 21 1000000000 0.004
19 21 1000000000 0.004
23 21 1000000000 0.004
25 21 1000000000 0.004
27 21 1000000000 0.004
29 21 1000000000 0.004
31 21 1000000000 0.004
32 21 1000000000 0.004
33 21 1000000000 0.004
2 22 1000000000 0.004
3 22 1000000000 0.004
4 22 1000000000 0.004
6 22 1000000000 0.004
15 22 1000000000 0.004
23 22 1000000000 0.004
25 22 1000000000 0.004
27 22 1000000000 0.004
30 22 1000000000 0.004
31 22 1000000000 0.004
1 23 1000000000 0.004
3 23 1000000000 0.004
4 23 1000000000 0.004
5 23 1000000000 0.004
6 23 1000000000 0.004
9 23 1000000000 0.004
12 23 1000000000 0.004
13 23 1000000000 0.004
15 23 1000000000 0.004
16 23 1000000000 0.004
17 23 1000000000 0.004
21 23 1000000000 0.004
27 23 1000000000 0.004
32 23 1000000000 0.004
33 23 1000000000 0.004
3 24 1000000000 0.004
6 24 1000000000 0.004
9 24 1000000000 0.004
10 24 1000000000 0.004
11 24 1000000000 0.004
12 24 1000000000 0.004
15 24 1000000000 0.004
21 24 1000000000 0.004
27 24 1000000000 0.004
28 24 1000000000 0.004
30 24 1000000000 0.004
34 24 1000000000 0.004
1 25 1000000000 0.004
4 25 1000000000 0.004
10 25 1000000000 0.004
14 25 1000000000 0.004
17 25 1000000000 0.004
18 25 1000000000 0.004
19 25 1000000000 0.004
22 25 1000000000 0.004
26 25 1000000000 0.004
28 25 1000000000 0.004
4 26 1000000000 0.004
5 26 1000000000 0.004
6 26 1000000000 0.004
9 26 1000000000 0.004
10 26 1000000000 0.004
11 26 1000000000 0.004
14 26 1000000000 0.004
15 26 1000000000 0.004
16 26 1000000000 0.004
20 26 1000000000 0.004
22 26 1000000000 0.004
23 26 1000000000 0.004
27 26 1000000000 0.004
33 26 1000000000 0.004
0 27 1000000000 0.004
3 27 1000000000 0.004
8 27 1000000000 0.004
10 27 1000000000 0.004
12 27 1000000000 0.004
15 27 1000000000 0.004
19 27 1000000000 0.004
20 27 1000000000 0.004
22 27 1000000000 0.004
24 27 1000000000 0.004
26 27 1000000000 0.004
31 27 1000000000 0.004
32 27 1000000000 0.004
34 27 1000000000 0.004
2 28 1000000000 0.004
6 28 1000000000 0.004
7 28 1000000000 0.004
9 28 1000000000 0.004
10 28 1000000000 0.004
17 28 1000000000 0.004
20 28 1000000000 0.004
21 28 1000000000 0.004
26 28 1000000000 0.004
32 28 1000000000 0.004
33 28 1000000000 0.004
34 28 1000000000 0.004
0 29 1000000000 0.004
2 29 1000000000 0.004
3 29 1000000000 0.004
6 29 1000000000 0.004
8 29 1000000000 0.004
9 29 1000000000 0.004
13 29 1000000000 0.004
16 29 1000000000 0.004
17 29 1000000000 0.004
18 29 1000000000 0.004
21 29 1000000000 0.004
22 29 1000000000 0.004
34 29 1000000000 0.004
0 30 1000000000 0.004
1 30 1000000000 0.004
7 30 1000000000 0.004
9 30 1000000000 0.004
10 30 1000000000 0.004
15 30 1000000000 0.004
16 30 1000000000 0.004
17 30 1000000000 0.004
18 30 1000000000 0.004
23 30 1000000000 0.004
24 30 1000000000 0.004
27 30 1000000000 0.004
28 30 1000000000 0.004
31 30 1000000000 0.004
33 30 1000000000 0.004
34 30 1000000000 0.004
2 31 1000000000 0.004
3 31 1000000000 0.004
4 31 1000000000 0.004
5 31 1000000000 0.004
6 31 1000000000 0.004
9 31 1000000000 0.004
14 31 1000000000 0.004
15 31 1000000000 0.004
19 31 1000000000 0.004
21 31 1000000000 0.004
23 31 1000000000 0.004
24 31 1000000000 0.004
25 31 1000000000 0.004
26 31 1000000000 0.004
33 31 1000000000 0.004
34 31 1000000000 0.004
0 32 1000000000 0.004
1 32 1000000000 0.004
3 32 1000000000 0.004
4 32 1000000000 0.004
11 32 1000000000 0.004
12 32 1000000000 0.004
13 32 1000000000 0.004
17 32 1000000000 0.004
20 32 1000000000 0.004
25 32 1000000000 0.004
26 32 1000000000 0.004
31 32 1000000000 0.004
1 33 1000000000 0.004
6 33 1000000000 0.004
8 33 1000000000 0.004
9 33 1000000000 0.004
15 33 1000000000 0.004
20 33 1000000000 0.004
24 33 1000000000 0.004
27 33 1000000000 0.004
29 33 1000000000 0.004
31 33 1000000000 0.004
2 34 1000000000 0.004
3 34 1000000000 0.004
8 34 1000000000 0.004
11 34 1000000000 0.004
12 34 1000000000 0.004
14 34 1000000000 0.004
17 34 1000000000 0.004
19 34 1000000000 0.004
22 34 1000000000 0.004
26 34 1000000000 0.004
27 34 1000000000 0.004
28 34 1000000000 0.004
30 34 1000000000 0.004
31 34 1000000000 0.004
32 34 1000000000 0.004
