3 0 1000000000 0.004
4 0 1000000000 0.004
6 0 1000000000 0.004
7 0 1000000000 0.004
9 0 1000000000 0.004
12 0 1000000000 0.004
13 0 1000000000 0.004
15 0 1000000000 0.004
21 0 1000000000 0.004
23 0 1000000000 0.004
26 0 1000000000 0.004
27 0 1000000000 0.004
28 0 1000000000 0.004
32 0 1000000000 0.004
34 0 1000000000 0.004
35 0 1000000000 0.004
37 0 1000000000 0.004
41 0 1000000000 0.004
45 0 1000000000 0.004
47 0 1000000000 0.004
48 0 1000000000 0.004
50 0 1000000000 0.004
51 0 1000000000 0.004
54 0 1000000000 0.004
0 1 1000000000 0.004
2 1 1000000000 0.004
4 1 1000000000 0.004
7 1 1000000000 0.004
11 1 1000000000 0.004
13 1 1000000000 0.004
14 1 1000000000 0.004
18 1 1000000000 0.004
19 1 1000000000 0.004
20 1 1000000000 0.004
22 1 1000000000 0.004
23 1 1000000000 0.004
24 1 1000000000 0.004
29 1 1000000000 0.004
32 1 1000000000 0.004
38 1 1000000000 0.004
46 1 1000000000 0.004
48 1 1000000000 0.004
49 1 1000000000 0.004
51 1 1000000000 0.004
54 1 1000000000 0.004
4 2 1000000000 0.004
5 2 1000000000 0.004
6 2 1000000000 0.004
10 2 1000000000 0.004
11 2 1000000000 0.004
13 2 1000000000 0.004
14 2 1000000000 0.004
18 2 1000000000 0.004
21 2 1000000000 0.004
27 2 1000000000 0.004
29 2 1000000000 0.004
30 2 1000000000 0.004
38 2 1000000000 0.004
40 2 1000000000 0.004
41 2 1000000000 0.004
43 2 1000000000 0.004
44 2 1000000000 0.004
46 2 1000000000 0.004
4 3 1000000000 0.004
5 3 1000000000 0.004
6 3 1000000000 0.004
8 3 1000000000 0.004
13 3 1000000000 0.004
14 3 1000000000 0.004
15 3 1000000000 0.004
16 3 1000000000 0.004
19 3 1000000000 0.004
21 3 1000000000 0.004
23 3 1000000000 0.004
25 3 1000000000 0.004
26 3 1000000000 0.004
28 3 1000000000 0.004
30 3 1000000000 0.004
34 3 1000000000 0.004
35 3 1000000000 0.004
36 3 1000000000 0.004
40 3 1000000000 0.004
41 3 1000000000 0.004
43 3 1000000000 0.004
44 3 1000000000 0.004
45 3 1000000000 0.004
46 3 1000000000 0.004
51 3 1000000000 0.004
52 3 1000000000 0.004
53 3 1000000000 0.004
54 3 1000000000 0.004
0 4 1000000000 0.004
3 4 1000000000 0.004
5 4 1000000000 0.004
11 4 1000000000 0.004
12 4 1000000000 0.004
15 4 1000000000 0.004
20 4 1000000000 0.004
21 4 1000000000 0.004
23 4 1000000000 0.004
24 4 1000000000 0.004
27 4 1000000000 0.004
28 4 1000000000 0.004
30 4 1000000000 0.004
33 4 1000000000 0.004
34 4 1000000000 0.004
36 4 1000000000 0.004
37 4 1000000000 0.004
40 4 1000000000 0.004
43 4 1000000000 0.004
44 4 1000000000 0.004
45 4 1000000000 0.004
46 4 1000000000 0.004
47 4 1000000000 0.004
52 4 1000000000 0.004
54 4 1000000000 0.004
1 5 1000000000 0.004
3 5 1000000000 0.004
4 5 1000000000 0.004
6 5 1000000000 0.004
7 5 1000000000 0.004
11 5 1000000000 0.004
12 5 1000000000 0.004
18 5 1000000000 0.004
19 5 1000000000 0.004
20 5 1000000000 0.004
21 5 1000000000 0.004
22 5 1000000000 0.004
23 5 1000000000 0.004
26 5 1000000000 0.004
29 5 1000000000 0.004
33 5 1000000000 0.004
34 5 1000000000 0.004
35 5 1000000000 0.004
36 5 1000000000 0.004
39 5 1000000000 0.004
43 5 1000000000 0.004
48 5 1000000000 0.004
49 5 1000000000 0.004
50 5 1000000000 0.004
51 5 1000000000 0.004
53 5 1000000000 0.004
0 6 1000000000 0.004
1 6 1000000000 0.004
2 6 1000000000 0.004
3 6 1000000000 0.004
5 6 1000000000 0.004
7 6 1000000000 0.004
10 6 1000000000 0.004
11 6 1000000000 0.004
13 6 1000000000 0.004
14 6 1000000000 0.004
15 6 1000000000 0.004
16 6 1000000000 0.004
22 6 1000000000 0.004
26 6 1000000000 0.004
28 6 1000000000 0.004
31 6 1000000000 0.004
33 6 1000000000 0.004
34 6 1000000000 0.004
35 6 1000000000 0.004
41 6 1000000000 0.004
42 6 1000000000 0.004
46 6 1000000000 0.004
52 6 1000000000 0.004
54 6 1000000000 0.004
0 7 1000000000 0.004
1 7 1000000000 0.004
4 7 1000000000 0.004
13 7 1000000000 0.004
18 7 1000000000 0.004
21 7 1000000000 0.004
22 7 1000000000 0.004
26 7 1000000000 0.004
29 7 1000000000 0.004
33 7 1000000000 0.004
35 7 1000000000 0.004
37 7 1000000000 0.004
38 7 1000000000 0.004
40 7 1000000000 0.004
42 7 1000000000 0.004
46 7 1000000000 0.004
47 7 1000000000 0.004
48 7 1000000000 0.004
0 8 1000000000 0.004
3 8 1000000000 0.004
9 8 1000000000 0.004
12 8 1000000000 0.004
13 8 1000000000 0.004
14 8 1000000000 0.004
15 8 1000000000 0.004
16 8 1000000000 0.004
19 8 1000000000 0.004
20 8 1000000000 0.004
21 8 1000000000 0.004
22 8 1000000000 0.004
30 8 1000000000 0.004
31 8 1000000000 0.004
36 8 1000000000 0.004
41 8 1000000000 0.004
44 8 1000000000 0.004
45 8 1000000000 0.004
46 8 1000000000 0.004
49 8 1000000000 0.004
51 8 1000000000 0.004
53 8 1000000000 0.004
54 8 1000000000 0.004
3 9 1000000000 0.004
7 9 1000000000 0.004
8 9 1000000000 0.004
13 9 1000000000 0.004
15 9 1000000000 0.004
16 9 1000000000 0.004
17 9 1000000000 0.004
19 9 1000000000 0.004
28 9 1000000000 0.004
29 9 1000000000 0.004
30 9 1000000000 0.004
32 9 1000000000 0.004
41 9 1000000000 0.004
42 9 1000000000 0.004
45 9 1000000000 0.004
47 9 1000000000 0.004
52 9 1000000000 0.004
1 10 1000000000 0.004
3 10 1000000000 0.004
5 10 1000000000 0.004
6 10 1000000000 0.004
8 10 1000000000 0.004
12 10 1000000000 0.004
17 10 1000000000 0.004
19 10 1000000000 0.004
20 10 1000000000 0.004
22 10 1000000000 0.004
23 10 1000000000 0.004
27 10 1000000000 0.004
28 10 1000000000 0.004
32 10 1000000000 0.004
36 10 1000000000 0.004
48 10 1000000000 0.004
49 10 1000000000 0.004
2 11 1000000000 0.004
5 11 1000000000 0.004
6 11 1000000000 0.004
7 11 1000000000 0.004
9 11 1000000000 0.004
12 11 1000000000 0.004
14 11 1000000000 0.004
15 11 1000000000 0.004
18 11 1000000000 0.004
20 11 1000000000 0.004
22 11 1000000000 0.004
23 11 1000000000 0.004
25 11 1000000000 0.004
26 11 1000000000 0.004
29 11 1000000000 0.004
30 11 1000000000 0.004
31 11 1000000000 0.004
34 11 1000000000 0.004
38 11 1000000000 0.004
39 11 1000000000 0.004
40 11 1000000000 0.004
41 11 1000000000 0.004
42 11 1000000000 0.004
43 11 1000000000 0.004
44 11 1000000000 0.004
45 11 1000000000 0.004
46 11 1000000000 0.004
47 11 1000000000 0.004
48 11 1000000000 0.004
49 11 1000000000 0.004
54 11 1000000000 0.004
0 12 1000000000 0.004
1 12 1000000000 0.004
2 12 1000000000 0.004
4 12 1000000000 0.004
6 12 1000000000 0.004
8 12 1000000000 0.004
11 12 1000000000 0.004
14 12 1000000000 0.004
17 12 1000000000 0.004
18 12 1000000000 0.004
19 12 1000000000 0.004
24 12 1000000000 0.004
25 12 1000000000 0.004
26 12 1000000000 0.004
27 12 1000000000 0.004
28 12 1000000000 0.004
29 12 1000000000 0.004
31 12 1000000000 0.004
33 12 1000000000 0.004
36 12 1000000000 0.004
39 12 1000000000 0.004
43 12 1000000000 0.004
45 12 1000000000 0.004
46 12 1000000000 0.004
52 12 1000000000 0.004
0 13 1000000000 0.004
1 13 1000000000 0.004
2 13 1000000000 0.004
3 13 1000000000 0.004
5 13 1000000000 0.004
6 13 1000000000 0.004
8 13 1000000000 0.004
9 13 1000000000 0.004
15 13 1000000000 0.004
16 13 1000000000 0.004
17 13 1000000000 0.004
19 13 1000000000 0.004
21 13 1000000000 0.004
25 13 1000000000 0.004
27 13 1000000000 0.004
28 13 1000000000 0.004
36 13 1000000000 0.004
43 13 1000000000 0.004
47 13 1000000000 0.004
49 13 1000000000 0.004
51 13 1000000000 0.004
52 13 1000000000 0.004
53 13 1000000000 0.004
0 14 1000000000 0.004
1 14 1000000000 0.004
3 14 1000000000 0.004
7 14 1000000000 0.004
10 14 1000000000 0.004
13 14 1000000000 0.004
16 14 1000000000 0.004
18 14 1000000000 0.004
21 14 1000000000 0.004
22 14 1000000000 0.004
24 14 1000000000 0.004
27 14 1000000000 0.004
30 14 1000000000 0.004
33 14 1000000000 0.004
36 14 1000000000 0.004
40 14 1000000000 0.004
41 14 1000000000 0.004
43 14 1000000000 0.004
47 14 1000000000 0.004
49 14 1000000000 0.004
50 14 1000000000 0.004
53 14 1000000000 0.004
2 15 1000000000 0.004
3 15 1000000000 0.004
6 15 1000000000 0.004
7 15 1000000000 0.004
12 15 1000000000 0.004
14 15 1000000000 0.004
19 15 1000000000 0.004
21 15 1000000000 0.004
22 15 1000000000 0.004
24 15 1000000000 0.004
25 15 1000000000 0.004
27 15 1000000000 0.004
29 15 1000000000 0.004
30 15 1000000000 0.004
31 15 1000000000 0.004
32 15 1000000000 0.004
41 15 1000000000 0.004
45 15 1000000000 0.004
48 15 1000000000 0.004
49 15 1000000000 0.004
52 15 1000000000 0.004
53 15 1000000000 0.004
0 16 1000000000 0.004
1 16 1000000000 0.004
2 16 1000000000 0.004
5 16 1000000000 0.004
7 16 1000000000 0.004
11 16 1000000000 0.004
13 16 1000000000 0.004
20 16 1000000000 0.004
21 16 1000000000 0.004
23 16 1000000000 0.004
24 16 1000000000 0.004
25 16 1000000000 0.004
27 16 1000000000 0.004
30 16 1000000000 0.004
33 16 1000000000 0.004
38 16 1000000000 0.004
39 16 1000000000 0.004
41 16 1000000000 0.004
42 16 1000000000 0.004
43 16 1000000000 0.004
48 16 1000000000 0.004
51 16 1000000000 0.004
53 16 1000000000 0.004
1 17 1000000000 0.004
2 17 1000000000 0.004
8 17 1000000000 0.004
9 17 1000000000 0.004
10 17 1000000000 0.004
12 17 1000000000 0.004
13 17 1000000000 0.004
15 17 1000000000 0.004
19 17 1000000000 0.004
29 17 1000000000 0.004
30 17 1000000000 0.004
38 17 1000000000 0.004
41 17 1000000000 0.004
42 17 1000000000 0.004
43 17 1000000000 0.004
44 17 1000000000 0.004
46 17 1000000000 0.004
47 17 1000000000 0.004
49 17 1000000000 0.004
52 17 1000000000 0.004
53 17 1000000000 0.004
54 17 1000000000 0.004
3 18 1000000000 0.004
5 18 1000000000 0.004
6 18 1000000000 0.004
7 18 1000000000 0.004
12 18 1000000000 0.004
15 18 1000000000 0.004
20 18 1000000000 0.004
23 18 1000000000 0.004
28 18 1000000000 0.004
29 18 1000000000 0.004
33 18 1000000000 0.004
36 18 1000000000 0.004
42 18 1000000000 0.004
43 18 1000000000 0.004
47 18 1000000000 0.004
50 18 1000000000 0.004
51 18 1000000000 0.004
53 18 1000000000 0.004
0 19 1000000000 0.004
3 19 1000000000 0.004
7 19 1000000000 0.004
9 19 1000000000 0.004
12 19 1000000000 0.004
14 19 1000000000 0.004
16 19 1000000000 0.004
18 19 1000000000 0.004
25 19 1000000000 0.004
27 19 1000000000 0.004
32 19 1000000000 0.004
35 19 1000000000 0.004
38 19 1000000000 0.004
41 19 1000000000 0.004
44 19 1000000000 0.004
46 19 1000000000 0.004
0 20 1000000000 0.004
2 20 1000000000 0.004
5 20 1000000000 0.004
6 20 1000000000 0.004
9 20 1000000000 0.004
10 20 1000000000 0.004
11 20 1000000000 0.004
12 20 1000000000 0.004
22 20 1000000000 0.004
23 20 1000000000 0.004
24 20 1000000000 0.004
28 20 1000000000 0.004
29 20 1000000000 0.004
32 20 1000000000 0.004
35 20 1000000000 0.004
36 20 1000000000 0.004
40 20 1000000000 0.004
44 20 1000000000 0.004
45 20 1000000000 0.004
47 20 1000000000 0.004
48 20 1000000000 0.004
52 20 1000000000 0.004
53 20 1000000000 0.004
6 21 1000000000 0.004
9 21 1000000000 0.004
10 21 1000000000 0.004
11 21 1000000000 0.004
17 21 1000000000 0.004
18 21 1000000000 0.004
19 21 1000000000 0.004
20 21 1000000000 0.004
22 21 1000000000 0.004
35 21 1000000000 0.004
38 21 1000000000 0.004
42 21 1000000000 0.004
47 21 1000000000 0.004
49 21 1000000000 0.004
50 21 1000000000 0.004
51 21 1000000000 0.004
3 22 1000000000 0.004
5 22 1000000000 0.004
6 22 1000000000 0.004
7 22 1000000000 0.004
10 22 1000000000 0.004
11 22 1000000000 0.004
13 22 1000000000 0.004
14 22 1000000000 0.004
15 22 1000000000 0.004
19 22 1000000000 0.004
20 22 1000000000 0.004
24 22 1000000000 0.004
26 22 1000000000 0.004
32 22 1000000000 0.004
33 22 1000000000 0.004
35 22 1000000000 0.004
36 22 1000000000 0.004
42 22 1000000000 0.004
44 22 1000000000 0.004
46 22 1000000000 0.004
49 22 1000000000 0.004
53 22 1000000000 0.004
54 22 1000000000 0.004
6 23 1000000000 0.004
8 23 1000000000 0.004
11 23 1000000000 0.004
12 23 1000000000 0.004
13 23 1000000000 0.004
14 23 1000000000 0.004
15 23 1000000000 0.004
16 23 1000000000 0.004
22 23 1000000000 0.004
24 23 1000000000 0.004
27 23 1000000000 0.004
29 23 1000000000 0.004
35 23 1000000000 0.004
42 23 1000000000 0.004
43 23 1000000000 0.004
44 23 1000000000 0.004
47 23 1000000000 0.004
49 23 1000000000 0.004
50 23 1000000000 0.004
51 23 1000000000 0.004
5 24 1000000000 0.004
6 24 1000000000 0.004
7 24 1000000000 0.004
8 24 1000000000 0.004
10 24 1000000000 0.004
13 24 1000000000 0.004
15 24 1000000000 0.004
17 24 1000000000 0.004
18 24 1000000000 0.004
25 24 1000000000 0.004
28 24 1000000000 0.004
31 24 1000000000 0.004
34 24 1000000000 0.004
42 24 1000000000 0.004
44 24 1000000000 0.004
46 24 1000000000 0.004
51 24 1000000000 0.004
52 24 1000000000 0.004
53 24 1000000000 0.004
0 25 1000000000 0.004
2 25 1000000000 0.004
5 25 1000000000 0.004
10 25 1000000000 0.004
11 25 1000000000 0.004
12 25 1000000000 0.004
13 25 1000000000 0.004
16 25 1000000000 0.004
19 25 1000000000 0.004
20 25 1000000000 0.004
28 25 1000000000 0.004
29 25 1000000000 0.004
31 25 1000000000 0.004
34 25 1000000000 0.004
35 25 1000000000 0.004
37 25 1000000000 0.004
38 25 1000000000 0.004
39 25 1000000000 0.004
42 25 1000000000 0.004
43 25 1000000000 0.004
45 25 1000000000 0.004
47 25 1000000000 0.004
51 25 1000000000 0.004
6 26 1000000000 0.004
8 26 1000000000 0.004
9 26 1000000000 0.004
14 26 1000000000 0.004
16 26 1000000000 0.004
19 26 1000000000 0.004
23 26 1000000000 0.004
27 26 1000000000 0.004
28 26 1000000000 0.004
31 26 1000000000 0.004
32 26 1000000000 0.004
35 26 1000000000 0.004
40 26 1000000000 0.004
41 26 1000000000 0.004
42 26 1000000000 0.004
52 26 1000000000 0.004
53 26 1000000000 0.004
1 27 1000000000 0.004
11 27 1000000000 0.004
14 27 1000000000 0.004
15 27 1000000000 0.004
17 27 1000000000 0.004
20 27 1000000000 0.004
21 27 1000000000 0.004
25 27 1000000000 0.004
28 27 1000000000 0.004
29 27 1000000000 0.004
35 27 1000000000 0.004
37 27 1000000000 0.004
43 27 1000000000 0.004
44 27 1000000000 0.004
45 27 1000000000 0.004
49 27 1000000000 0.004
53 27 1000000000 0.004
1 28 1000000000 0.004
2 28 1000000000 0.004
7 28 1000000000 0.004
8 28 1000000000 0.004
9 28 1000000000 0.004
12 28 1000000000 0.004
16 28 1000000000 0.004
19 28 1000000000 0.004
20 28 1000000000 0.004
21 28 1000000000 0.004
26 28 1000000000 0.004
27 28 1000000000 0.004
29 28 1000000000 0.004
30 28 1000000000 0.004
34 28 1000000000 0.004
38 28 1000000000 0.004
39 28 1000000000 0.004
42 28 1000000000 0.004
43 28 1000000000 0.004
47 28 1000000000 0.004
48 28 1000000000 0.004
52 28 1000000000 0.004
54 28 1000000000 0.004
1 29 1000000000 0.004
2 29 1000000000 0.004
3 29 1000000000 0.004
5 29 1000000000 0.004
7 29 1000000000 0.004
10 29 1000000000 0.004
11 29 1000000000 0.004
12 29 1000000000 0.004
14 29 1000000000 0.004
15 29 1000000000 0.004
18 29 1000000000 0.004
19 29 1000000000 0.004
20 29 1000000000 0.004
21 29 1000000000 0.004
22 29 1000000000 0.004
24 29 1000000000 0.004
28 29 1000000000 0.004
31 29 1000000000 0.004
32 29 1000000000 0.004
33 29 1000000000 0.004
35 29 1000000000 0.004
37 29 1000000000 0.004
41 29 1000000000 0.004
43 29 1000000000 0.004
47 29 1000000000 0.004
48 29 1000000000 0.004
49 29 1000000000 0.004
50 29 1000000000 0.004
51 29 1000000000 0.004
53 29 1000000000 0.004
0 30 1000000000 0.004
1 30 1000000000 0.004
3 30 1000000000 0.004
5 30 1000000000 0.004
6 30 1000000000 0.004
8 30 1000000000 0.004
9 30 1000000000 0.004
10 30 1000000000 0.004
11 30 1000000000 0.004
13 30 1000000000 0.004
15 30 1000000000 0.004
16 30 1000000000 0.004
17 30 1000000000 0.004
18 30 1000000000 0.004
20 30 1000000000 0.004
23 30 1000000000 0.004
24 30 1000000000 0.004
27 30 1000000000 0.004
31 30 1000000000 0.004
32 30 1000000000 0.004
33 30 1000000000 0.004
34 30 1000000000 0.004
38 30 1000000000 0.004
45 30 1000000000 0.004
51 30 1000000000 0.004
52 30 1000000000 0.004
0 31 1000000000 0.004
3 31 1000000000 0.004
8 31 1000000000 0.004
11 31 1000000000 0.004
15 31 1000000000 0.004
18 31 1000000000 0.004
20 31 1000000000 0.004
21 31 1000000000 0.004
22 31 1000000000 0.004
24 31 1000000000 0.004
25 31 1000000000 0.004
27 31 1000000000 0.004
29 31 1000000000 0.004
32 31 1000000000 0.004
35 31 1000000000 0.004
37 31 1000000000 0.004
38 31 1000000000 0.004
45 31 1000000000 0.004
47 31 1000000000 0.004
48 31 1000000000 0.004
51 31 1000000000 0.004
52 31 1000000000 0.004
4 32 1000000000 0.004
10 32 1000000000 0.004
15 32 1000000000 0.004
19 32 1000000000 0.004
24 32 1000000000 0.004
25 32 1000000000 0.004
28 32 1000000000 0.004
34 32 1000000000 0.004
35 32 1000000000 0.004
39 32 1000000000 0.004
40 32 1000000000 0.004
41 32 1000000000 0.004
45 32 1000000000 0.004
46 32 1000000000 0.004
48 32 1000000000 0.004
49 32 1000000000 0.004
50 32 1000000000 0.004
53 32 1000000000 0.004
5 33 1000000000 0.004
10 33 1000000000 0.004
12 33 1000000000 0.004
21 33 1000000000 0.004
27 33 1000000000 0.004
28 33 1000000000 0.004
29 33 1000000000 0.004
30 33 1000000000 0.004
36 33 1000000000 0.004
37 33 1000000000 0.004
40 33 1000000000 0.004
45 33 1000000000 0.004
50 33 1000000000 0.004
54 33 1000000000 0.004
2 34 1000000000 0.004
5 34 1000000000 0.004
12 34 1000000000 0.004
13 34 1000000000 0.004
15 34 1000000000 0.004
17 34 1000000000 0.004
18 34 1000000000 0.004
19 34 1000000000 0.004
22 34 1000000000 0.004
23 34 1000000000 0.004
28 34 1000000000 0.004
29 34 1000000000 0.004
30 34 1000000000 0.004
32 34 1000000000 0.004
35 34 1000000000 0.004
36 34 1000000000 0.004
38 34 1000000000 0.004
42 34 1000000000 0.004
43 34 1000000000 0.004
44 34 1000000000 0.004
47 34 1000000000 0.004
52 34 1000000000 0.004
53 34 1000000000 0.004
54 34 1000000000 0.004
0 35 1000000000 0.004
3 35 1000000000 0.004
9 35 1000000000 0.004
10 35 1000000000 0.004
17 35 1000000000 0.004
19 35 1000000000 0.004
22 35 1000000000 0.004
23 35 1000000000 0.004
26 35 1000000000 0.004
28 35 1000000000 0.004
29 35 1000000000 0.004
30 35 1000000000 0.004
31 35 1000000000 0.004
33 35 1000000000 0.004
36 35 1000000000 0.004
42 35 1000000000 0.004
44 35 1000000000 0.004
46 35 1000000000 0.004
47 35 1000000000 0.004
50 35 1000000000 0.004
52 35 1000000000 0.004
0 36 1000000000 0.004
1 36 1000000000 0.004
2 36 1000000000 0.004
3 36 1000000000 0.004
11 36 1000000000 0.004
15 36 1000000000 0.004
25 36 1000000000 0.004
26 36 1000000000 0.004
28 36 1000000000 0.004
31 36 1000000000 0.004
32 36 1000000000 0.004
34 36 1000000000 0.004
35 36 1000000000 0.004
38 36 1000000000 0.004
40 36 1000000000 0.004
46 36 1000000000 0.004
48 36 1000000000 0.004
50 36 1000000000 0.004
51 36 1000000000 0.004
0 37 1000000000 0.004
7 37 1000000000 0.004
18 37 1000000000 0.004
19 37 1000000000 0.004
22 37 1000000000 0.004
24 37 1000000000 0.004
25 37 1000000000 0.004
26 37 1000000000 0.004
29 37 1000000000 0.004
30 37 1000000000 0.004
31 37 1000000000 0.004
33 37 1000000000 0.004
35 37 1000000000 0.004
41 37 1000000000 0.004
43 37 1000000000 0.004
44 37 1000000000 0.004
46 37 1000000000 0.004
47 37 1000000000 0.004
49 37 1000000000 0.004
50 37 1000000000 0.004
0 38 1000000000 0.004
1 38 1000000000 0.004
2 38 1000000000 0.004
5 38 1000000000 0.004
7 38 1000000000 0.004
8 38 1000000000 0.004
9 38 1000000000 0.004
10 38 1000000000 0.004
13 38 1000000000 0.004
15 38 1000000000 0.004
16 38 1000000000 0.004
21 38 1000000000 0.004
22 38 1000000000 0.004
24 38 1000000000 0.004
25 38 1000000000 0.004
27 38 1000000000 0.004
28 38 1000000000 0.004
33 38 1000000000 0.004
34 38 1000000000 0.004
35 38 1000000000 0.004
39 38 1000000000 0.004
43 38 1000000000 0.004
51 38 1000000000 0.004
54 38 1000000000 0.004
1 39 1000000000 0.004
5 39 1000000000 0.004
9 39 1000000000 0.004
11 39 1000000000 0.004
12 39 1000000000 0.004
15 39 1000000000 0.004
16 39 1000000000 0.004
20 39 1000000000 0.004
25 39 1000000000 0.004
27 39 1000000000 0.004
29 39 1000000000 0.004
33 39 1000000000 0.004
34 39 1000000000 0.004
36 39 1000000000 0.004
37 39 1000000000 0.004
38 39 1000000000 0.004
40 39 1000000000 0.004
42 39 1000000000 0.004
46 39 1000000000 0.004
49 39 1000000000 0.004
54 39 1000000000 0.004
3 40 1000000000 0.004
5 40 1000000000 0.004
8 40 1000000000 0.004
9 40 1000000000 0.004
11 40 1000000000 0.004
13 40 1000000000 0.004
14 40 1000000000 0.004
15 40 1000000000 0.004
16 40 1000000000 0.004
17 40 1000000000 0.004
19 40 1000000000 0.004
21 40 1000000000 0.004
24 40 1000000000 0.004
25 40 1000000000 0.004
26 40 1000000000 0.004
27 40 1000000000 0.004
29 40 1000000000 0.004
30 40 1000000000 0.004
31 40 1000000000 0.004
33 40 1000000000 0.004
34 40 1000000000 0.004
41 40 1000000000 0.004
43 40 1000000000 0.004
46 40 1000000000 0.004
47 40 1000000000 0.004
49 40 1000000000 0.004
51 40 1000000000 0.004
54 40 1000000000 0.004
3 41 1000000000 0.004
5 41 1000000000 0.004
7 41 1000000000 0.004
10 41 1000000000 0.004
15 41 1000000000 0.004
16 41 1000000000 0.004
18 41 1000000000 0.004
24 41 1000000000 0.004
25 41 1000000000 0.004
27 41 1000000000 0.004
28 41 1000000000 0.004
30 41 1000000000 0.004
32 41 1000000000 0.004
37 41 1000000000 0.004
40 41 1000000000 0.004
43 41 1000000000 0.004
47 41 1000000000 0.004
48 41 1000000000 0.004
49 41 1000000000 0.004
50 41 1000000000 0.004
53 41 1000000000 0.004
54 41 1000000000 0.004
1 42 1000000000 0.004
6 42 1000000000 0.004
9 42 1000000000 0.004
10 42 1000000000 0.004
12 42 1000000000 0.004
13 42 1000000000 0.004
14 42 1000000000 0.004
17 42 1000000000 0.004
20 42 1000000000 0.004
21 42 1000000000 0.004
24 42 1000000000 0.004
26 42 1000000000 0.004
27 42 1000000000 0.004
30 42 1000000000 0.004
33 42 1000000000 0.004
41 42 1000000000 0.004
43 42 1000000000 0.004
45 42 1000000000 0.004
49 42 1000000000 0.004
51 42 1000000000 0.004
53 42 1000000000 0.004
6 43 1000000000 0.004
8 43 1000000000 0.004
10 43 1000000000 0.004
12 43 1000000000 0.004
15 43 1000000000 0.004
16 43 1000000000 0.004
17 43 1000000000 0.004
18 43 1000000000 0.004
20 43 1000000000 0.004
22 43 1000000000 0.004
23 43 1000000000 0.004
24 43 1000000000 0.004
25 43 1000000000 0.004
31 43 1000000000 0.004
33 43 1000000000 0.004
35 43 1000000000 0.004
36 43 1000000000 0.004
37 43 1000000000 0.004
38 43 1000000000 0.004
42 43 1000000000 0.004
48 43 1000000000 0.004
49 43 1000000000 0.004
50 43 1000000000 0.004
51 43 1000000000 0.004
52 43 1000000000 0.004
53 43 1000000000 0.004
54 43 1000000000 0.004
0 44 1000000000 0.004
1 44 1000000000 0.004
3 44 1000000000 0.004
4 44 1000000000 0.004
8 44 1000000000 0.004
10 44 1000000000 0.004
12 44 1000000000 0.004
14 44 1000000000 0.004
15 44 1000000000 0.004
16 44 1000000000 0.004
19 44 1000000000 0.004
20 44 1000000000 0.004
28 44 1000000000 0.004
32 44 1000000000 0.004
33 44 1000000000 0.004
35 44 1000000000 0.004
37 44 1000000000 0.004
38 44 1000000000 0.004
45 44 1000000000 0.004
47 44 1000000000 0.004
48 44 1000000000 0.004
50 44 1000000000 0.004
0 45 1000000000 0.004
2 45 1000000000 0.004
4 45 1000000000 0.004
6 45 1000000000 0.004
10 45 1000000000 0.004
17 45 1000000000 0.004
19 45 1000000000 0.004
21 45 1000000000 0.004
22 45 1000000000 0.004
23 45 1000000000 0.004
25 45 1000000000 0.004
29 45 1000000000 0.004
32 45 1000000000 0.004
33 45 1000000000 0.004
34 45 1000000000 0.004
38 45 1000000000 0.004
39 45 1000000000 0.004
43 45 1000000000 0.004
44 45 1000000000 0.004
48 45 1000000000 0.004
49 45 1000000000 0.004
50 45 1000000000 0.004
52 45 1000000000 0.004
53 45 1000000000 0.004
0 46 1000000000 0.004
1 46 1000000000 0.004
2 46 1000000000 0.004
5 46 1000000000 0.004
7 46 1000000000 0.004
8 46 1000000000 0.004
10 46 1000000000 0.004
13 46 1000000000 0.004
14 46 1000000000 0.004
17 46 1000000000 0.004
24 46 1000000000 0.004
25 46 1000000000 0.004
29 46 1000000000 0.004
30 46 1000000000 0.004
35 46 1000000000 0.004
36 46 1000000000 0.004
39 46 1000000000 0.004
40 46 1000000000 0.004
41 46 1000000000 0.004
42 46 1000000000 0.004
44 46 1000000000 0.004
48 46 1000000000 0.004
50 46 1000000000 0.004
53 46 1000000000 0.004
2 47 1000000000 0.004
4 47 1000000000 0.004
5 47 1000000000 0.004
6 47 1000000000 0.004
9 47 1000000000 0.004
12 47 1000000000 0.004
15 47 1000000000 0.004
20 47 1000000000 0.004
22 47 1000000000 0.004
24 47 1000000000 0.004
25 47 1000000000 0.004
26 47 1000000000 0.004
30 47 1000000000 0.004
31 47 1000000000 0.004
32 47 1000000000 0.004
35 47 1000000000 0.004
40 47 1000000000 0.004
42 47 1000000000 0.004
43 47 1000000000 0.004
49 47 1000000000 0.004
52 47 1000000000 0.004
53 47 1000000000 0.004
1 48 1000000000 0.004
2 48 1000000000 0.004
5 48 1000000000 0.004
12 48 1000000000 0.004
14 48 1000000000 0.004
20 48 1000000000 0.004
21 48 1000000000 0.004
26 48 1000000000 0.004
27 48 1000000000 0.004
28 48 1000000000 0.004
35 48 1000000000 0.004
37 48 1000000000 0.004
38 48 1000000000 0.004
41 48 1000000000 0.004
52 48 1000000000 0.004
54 48 1000000000 0.004
1 49 1000000000 0.004
4 49 1000000000 0.004
5 49 1000000000 0.004
6 49 1000000000 0.004
18 49 1000000000 0.004
19 49 1000000000 0.004
20 49 1000000000 0.004
22 49 1000000000 0.004
23 49 1000000000 0.004
26 49 1000000000 0.004
31 49 1000000000 0.004
38 49 1000000000 0.004
42 49 1000000000 0.004
47 49 1000000000 0.004
48 49 1000000000 0.004
50 49 1000000000 0.004
5 50 1000000000 0.004
6 50 1000000000 0.004
10 50 1000000000 0.004
11 50 1000000000 0.004
13 50 1000000000 0.004
14 50 1000000000 0.004
20 50 1000000000 0.004
22 50 1000000000 0.004
23 50 1000000000 0.004
24 50 1000000000 0.004
25 50 1000000000 0.004
26 50 1000000000 0.004
27 50 1000000000 0.004
29 50 1000000000 0.004
31 50 1000000000 0.004
32 50 1000000000 0.004
33 50 1000000000 0.004
37 50 1000000000 0.004
40 50 1000000000 0.004
45 50 1000000000 0.004
51 50 1000000000 0.004
52 50 1000000000 0.004
54 50 1000000000 0.004
0 51 1000000000 0.004
1 51 1000000000 0.004
2 51 1000000000 0.004
3 51 1000000000 0.004
7 51 1000000000 0.004
9 51 1000000000 0.004
10 51 1000000000 0.004
11 51 1000000000 0.004
14 51 1000000000 0.004
18 51 1000000000 0.004
19 51 1000000000 0.004
20 51 1000000000 0.004
21 51 1000000000 0.004
23 51 1000000000 0.004
25 51 1000000000 0.004
26 51 1000000000 0.004
27 51 1000000000 0.004
29 51 1000000000 0.004
30 51 1000000000 0.004
31 51 1000000000 0.004
33 51 1000000000 0.004
34 51 1000000000 0.004
35 51 1000000000 0.004
39 51 1000000000 0.004
41 51 1000000000 0.004
42 51 1000000000 0.004
46 51 1000000000 0.004
48 51 1000000000 0.004
49 51 1000000000 0.004
52 51 1000000000 0.004
54 51 1000000000 0.004
6 52 1000000000 0.004
7 52 1000000000 0.004
8 52 1000000000 0.004
12 52 1000000000 0.004
14 52 1000000000 0.004
18 52 1000000000 0.004
23 52 1000000000 0.004
24 52 1000000000 0.004
26 52 1000000000 0.004
27 52 1000000000 0.004
32 52 1000000000 0.004
36 52 1000000000 0.004
37 52 1000000000 0.004
42 52 1000000000 0.004
43 52 1000000000 0.004
44 52 1000000000 0.004
47 52 1000000000 0.004
48 52 1000000000 0.004
51 52 1000000000 0.004
54 52 1000000000 0.004
3 53 1000000000 0.004
6 53 1000000000 0.004
7 53 1000000000 0.004
9 53 1000000000 0.004
11 53 1000000000 0.004
12 53 1000000000 0.004
14 53 1000000000 0.004
17 53 1000000000 0.004
18 53 1000000000 0.004
22 53 1000000000 0.004
24 53 1000000000 0.004
25 53 1000000000 0.004
28 53 1000000000 0.004
30 53 1000000000 0.004
31 53 1000000000 0.004
34 53 1000000000 0.004
35 53 1000000000 0.004
36 53 1000000000 0.004
37 53 1000000000 0.004
38 53 1000000000 0.004
39 53 1000000000 0.004
40 53 1000000000 0.004
41 53 1000000000 0.004
42 53 1000000000 0.004
44 53 1000000000 0.004
45 53 1000000000 0.004
46 53 1000000000 0.004
52 53 1000000000 0.004
54 53 1000000000 0.004
0 54 1000000000 0.004
2 54 1000000000 0.004
4 54 1000000000 0.004
6 54 1000000000 0.004
7 54 1000000000 0.004
8 54 1000000000 0.004
10 54 1000000000 0.004
12 54 1000000000 0.004
13 54 1000000000 0.004
16 54 1000000000 0.004
18 54 1000000000 0.004
19 54 1000000000 0.004
21 54 1000000000 0.004
22 54 1000000000 0.004
23 54 1000000000 0.004
26 54 1000000000 0.004
29 54 1000000000 0.004
33 54 1000000000 0.004
36 54 1000000000 0.004
39 54 1000000000 0.004
40 54 1000000000 0.004
43 54 1000000000 0.004
44 54 1000000000 0.004
46 54 1000000000 0.004
49 54 1000000000 0.004
51 54 1000000000 0.004
52 54 1000000000 0.004
53 54 1000000000 0.004
