21599.014090231176 30505.818029978487 15169.167153979713 23864.722419115016 9274.49324506735 2057.134227604678 29278.77401451772 25097.107941145798 24496.208156440876 37004.84855379518 8834.267827163496 11471.431913938037 18866.691693336856 20876.282543834554 35587.580202743324 21249.019339846753 13553.027845615145 13496.436574723004 18559.014648462035 17545.882699142527
717.3053298168961 21810.377442820045 14594.51729495624 21000.794967426376 34475.59591371051 27245.07443409898 20166.033945546296 3042.873898945745 6354.072965559773 29697.477272065415 35117.904155472446 3783.420259113882 20835.79280656132 27960.608421544504 1820.8495426558657 23506.816119711722 2985.546523149522 20180.589955892705 33808.580753588845 12030.955420300936
23628.981335359043 33408.075881201104 19288.942428176444 30078.74471464257 8410.152036930762 5854.4939202203 2525.8357679803157 6962.2392948078195 2321.117749144705 19561.14342406761 49.220378779358725 20906.581547519447 17106.135202908 23909.684427404147 27465.141797037966 17253.644781474562 10614.331039534121 15002.594247963472 20712.111167265142 21408.426955152587
32886.9734097094 25462.12487382237 24495.23758813768 17025.32869397779 28238.86916592023 4773.841079918797 9609.61068378318 27331.88011071577 33004.483733542744 2020.5243191037116 35605.41851724098 9854.561063164068 33613.54729268605 8281.166403214209 36897.319482651554 22195.438737674143 14587.7373172531 34712.78741959362 26102.276301082555 9475.399786231412
10388.66040307883 5801.667103923615 17888.749904642482 21987.993551684882 13833.09203846173 28830.892480063172 13454.01848592679 9110.803160799122 5044.585017315227 3050.5665383713567 8948.26813031179 27342.13148367892 5584.82005959731 15951.618504835338 39538.54843489184 14878.510669764099 16105.785344046773 39944.054079450514 714.0079862212115 15952.692314357795
31011.35086391199 10723.37078717868 31814.66827601134 19478.941375600323 1378.3860950113121 3122.0672127077087 24772.985154454913 37735.39822482712 39817.462150812324 1166.8930331056908 13270.181759945484 19781.384174512532 10016.132983265314 3824.593172329167 4231.434281189231 19162.01419100755 33296.746846290895 2828.5804442545377 19699.256353638495 4939.850132912346
33643.68724720515 2114.4261350021843 30048.731450829633 22947.550665188064 25552.57983091707 13515.222354064419 32713.78367135286 3794.055217901863 17721.22087266486 35602.70939582548 9797.528827647368 27197.530968779185 30842.110611317454 15052.913232926374 20597.008350332402 20747.534700880584 31600.614908798405 25291.041338547173 5465.994225328159 31838.57164304887
19843.009896828284 9557.840922877218 23956.942522286834 15160.9246027131 33720.789482265885 27988.127781228555 13578.074599874168 37651.22512474036 14195.953258945 27134.343807373003 12696.903878918632 145.48882277200028 18002.757797229795 36466.81450359906 15405.05333084087 2084.766389987988 7276.489372711929 5032.1431930759845 15896.88981978878 14670.549065061818
14454.017883766322 17548.17583218982 767.0638178973277 6263.320694996262 154.6566208915683 12969.13391396152 27194.345325159502 27116.955325472773 14242.851159100275 38407.921513678215 16334.200563905284 19316.643273998547 5992.051159984654 28545.51215446258 9480.242109833333 26045.637275554895 31384.235403061575 11986.938863599366 3087.45215019484 29240.573623333206
24679.539470435924 30624.0908286232 6601.362856608697 1316.3923177027064 17392.225740891234 36786.40877744717 4833.179733362556 9871.64164496229 7195.1443320262115 19718.483755976056 18263.587339666705 5194.351289491644 39759.0737084603 32749.40374160064 5169.7839286401595 2838.935232371412 6484.639860415444 9804.945016579997 21228.733883217803 35882.27166859805
26687.799195126492 19826.71655713858 1422.5209962765475 11800.003466621209 13344.81365278445 23123.059565029755 309.18454988580925 20985.281461783477 29309.818451358275 17390.338927319834 10655.061492867928 31500.988987661494 29704.174070941324 29762.7724054723 11623.045961366177 3230.058653351465 24547.722215492067 27130.390317461584 337.1680611636293 15843.271870760991
15066.987938396333 31322.216339460567 20996.39829335858 39808.49825446219 29308.66680177117 39500.65878485702 3034.005702994862 27892.98529094921 35956.10657044059 33712.457531898144 24182.97834725862 6078.788111053818 453.7848942130622 16174.724361681996 38515.476254774105 6737.56712699817 1011.2201257621527 2579.068032486699 26594.02038762423 36948.74151851575
5431.341979411121 3399.2163763345743 4738.588662719447 7141.048889711645 32875.19804614861 38712.607490094975 16200.954625384094 36547.69889763447 28140.742945302754 33446.50920054773 30474.100066832732 35949.13190264426 15699.386289497997 27696.35787089928 17485.774526929697 13728.124134936457 37297.66815300551 23542.737135758747 4976.560039244861 9506.461947331432
8196.856233971026 7083.738483897087 19512.749330501378 4704.17568000812 37944.67228732095 34106.390707363134 25348.408108281736 6528.9441603232135 4219.614703704519 30122.495978908264 31480.12446375748 23703.394662899827 5464.967690639394 36933.97101766177 18667.922148903177 10447.96482501399 22659.63059588507 23320.170339696917 10133.448975059171 16996.747937397467
1678.5902372369492 27029.850840041225 28156.55168974907 19125.03293962372 9993.705048919668 31285.92032330983 24492.587252042907 12955.068628183475 19916.464387288197 32029.87266163001 17702.41006582488 30897.340743697612 32989.93757656751 39042.936789423205 7478.3064016792305 22219.515262607987 15760.495912926046 4374.768942829745 10749.420090513402 9428.803454644376
32763.954779071784 38964.50777515273 29106.34384209586 25762.281908460212 30013.356356450116 18328.73477038425 33755.384476787076 17633.327646922964 38506.88046714095 4266.3815133726275 36606.22124314059 21511.65431140603 37854.01507181431 38378.71666640011 36064.61401160768 11180.546813758374 13250.03566388451 7757.768958989342 9612.62086202368 20560.20201030288
24115.929465431098 38835.77045990982 28548.678429867156 13320.699195861554 26146.116574377043 32595.88982717129 3305.8881568280885 24594.913804514774 13668.114433486664 13923.456626595089 7217.021927867794 37727.90032858185 23345.286219401853 33786.48436650262 35486.13147892749 15163.630480143667 13617.857736033407 36534.10187217065 7077.883154523934 30377.581665575577
39650.51864052104 7181.535714517375 18290.240720287824 36442.12421765838 8461.68968247781 14315.388949045719 22093.26272466724 20645.034534800776 36255.68991074141 30281.164875809445 35507.990632640525 26571.466399693596 10692.517445429472 1579.393761913736 5994.811660991947 2796.2677462940374 34722.98873200707 34825.32716867948 8237.659715927062 12914.028774949382
10439.339540928759 14522.076331665823 35207.77208737195 2433.409355401116 11839.528917726675 22605.868759289748 6518.597057858733 11078.707542963642 22721.975882123654 21142.117957388575 19292.36642059976 28769.198517363395 10510.790957794938 18163.8178804578 22187.667549490718 17603.856830106826 20027.92052854393 10514.935626343065 12126.002696316784 29572.916663742963
20892.675020362574 37276.390397489915 11531.759395816689 37379.664772807315 9193.197353214622 34532.730778857745 16701.243934413156 18944.404847795828 17760.913231973544 38013.97914220091 21037.36583651229 24095.20281949111 23491.154985672692 27316.109421263078 6588.456305087309 11330.352131904787 31755.763573365195 38060.20373696218 21985.426203268216 28441.68255218454
31867.893326668298 30081.724929401033 18156.81041088775 12303.22267539043 12647.665734855545 28475.96274284365 26301.650854854983 19518.47572942539 28630.273336820348 29880.457145680295 19755.1897202971 31431.923516990046 31819.807890854296 27056.107313053522 32131.448148093896 38366.28328974501 35497.16276589529 4991.689048956305 30272.04837986773 34508.03836071478
32128.72296650367 6971.504551317334 16632.270524179 1646.9491216751303 21085.058910723546 3954.227878782989 23437.10431438346 26763.978089605924 11666.428268394187 3944.9883025777144 35947.316600495964 19964.926544787715 36695.87393657197 39291.763422187534 12795.950204948707 22448.93365180122 32354.007933563713 28790.91341915497 34195.02950528462 26918.76904560894
11268.442012701404 8778.059933419838 16081.840922275329 26083.793167626518 14580.813338931908 30265.53122733088 24062.295977923375 24825.380493805893 511.9882468524229 1905.1054431291268 11282.726680176434 16126.259369294748 33287.977927277905 4795.393079750886 3639.3997669166874 32879.90020280652 15337.104242746955 11612.757900714281 22488.898669673064 28624.59513629428
7114.825775088357 2559.9876642964555 9613.949191563252 8521.206219615318 20941.35748838217 28018.140605268603 1940.3842674830194 4039.7974946669055 11439.473489575405 11343.731051330005 9302.788138862841 28191.640469078826 19156.906779261793 3877.522909553438 31266.89962328457 408.2454455847619 17764.2069519607 18506.66158973752 2817.58976281984 10880.688536715754
29532.007938090457 29296.913678765715 18011.685963077744 20961.323501403553 9730.91440121971 31817.369212986836 20550.96631724924 20319.26226057532 36300.22011262973 38111.14094127222 30426.085310572584 19763.34026785766 33910.07861445293 2444.846701871873 17748.383269276914 31225.979868096445 25703.98301966925 28577.85097036377 14029.934819190774 23009.463775371372
35255.11453483332 16971.356138105533 1376.9195460325063 15457.020553196426 27299.60516551612 39330.30160550421 32330.708230475986 35607.690873371685 31643.898015094914 21201.38657970645 33063.099857359615 6748.75425058136 38999.69640242016 16213.496290030176 21149.2743915114 14125.023267927369 27572.280443892007 15716.23888069062 13253.565180392536 676.6847641073509
27059.53417121386 12085.0212311279 11771.376024318903 1850.250364962394 17309.03808640224 34989.353349095705 10191.430351537814 19752.090098259065 11946.86094480459 10349.520511448112 13796.429509067459 2108.3232490914743 987.8323969336343 38757.920847835674 35242.65847316315 30412.02717514217 10449.406567293829 34773.507157007945 33360.83875298254 4529.503440777224
8196.148116780378 21767.423706974107 4387.0696704988 3415.848433897925 15460.317324332416 33376.989246000376 15177.723370961532 25625.059029886183 18806.850900527388 5301.611169970272 29325.05236271669 28146.70540696622 32822.97457660885 1627.4416992729311 16445.62214228092 34407.00348450136 10173.936489851827 37252.905004991924 33599.039809861395 33061.7752246976
3347.811416401568 11943.955230199017 12175.19391849354 8698.861865565961 29008.454111705836 29923.14589523395 34559.38413892742 16961.89776124413 30841.702805758316 34336.645135354825 32122.470475883543 9133.592328352015 39019.431967705335 21719.918136189972 29187.7341909218 2079.9953254131215 2526.1035308209102 26080.41607187266 4905.715969625924 38375.08221319897
35771.310623893485 35873.630230551535 5318.827023171252 36010.98881552431 5904.00949196424 25535.599934106107 31171.34731378954 18105.8985763314 3035.943447892634 13313.35979897932 23996.99644935181 32208.261578771017 6064.61472486357 15194.31723578196 39949.6089213478 6157.526153853072 8693.013639839013 19293.760421275078 4393.585900755914 4456.697489055377
16229.64415393506 22533.684336792274 4813.59526056902 25777.217402399918 33646.11510248942 6732.848476806486 34191.07061988983 17959.731209971214 11279.971714430378 27089.779282348318 2197.7537712215926 22478.86411399883 16089.80283105006 16074.450178258552 11513.585038824687 20302.725441833532 20545.089141266508 37711.19547198857 26822.84458671609 31066.297925436535
33770.09119538934 9076.810551494687 6264.68458786619 3940.1078863862567 22013.340724263853 2553.7394433051013 37957.40065302149 34617.227107138526 9346.065636166672 30335.05745870652 26782.21519823136 16602.686371883425 17180.802114353253 12136.665421923233 33949.80060726106 14238.280152432026 21599.334490940928 28164.45085798385 38798.069915074404 8724.345713193392
33.54346618001 35980.50667801431 12870.013261926964 15377.787553798462 16541.433955373 24320.68361161007 10182.179379605172 15358.352766585183 31761.759182706555 8265.097926917817 13357.118992321273 39627.775739997014 29706.81169578594 29507.633836171306 7747.959870135874 15582.904660212833 6205.498843228883 24846.394040966778 1469.1059427818436 35376.40440277985
9628.574622080048 37420.31724625229 21048.229556883824 21750.905646886415 15465.293925790604 27765.905794128623 13356.64415437071 29805.923725623757 39443.52606792469 31103.27314826831 26700.448526630207 19393.23146905468 20392.584986781585 7241.793772448507 33136.84170926734 19012.71311921472 32990.032889998954 19052.38505135023 33802.42660542885 16573.085896376393
19007.635145292243 17950.25994962312 6753.486206292086 27278.283265474576 9912.03041255929 10834.217996781277 20609.328022938003 31516.856724930207 4267.633523029746 35060.95436488489 29596.36611382657 1577.1902769394073 33448.87908695782 35105.42857834175 24416.053148074916 15571.98687546716 31880.517948546818 38266.259635893 33558.495492644994 373.43732004289996
31306.979509471224 18707.67123008017 4893.076219647261 17531.1908996437 16436.015422083063 29.561893010693893 31910.13799499499 16745.216717641615 5495.93632247419 4640.411355178421 11566.611680472944 34294.04058595089 12020.565320656762 38037.89890226156 15167.173015471102 22514.963991129724 13064.256890895316 26478.370909644837 5180.497574775602 22124.912358891317
13211.802222738803 31723.600053367278 23419.52741294724 25962.102454682747 24216.892183516196 5077.657976875533 12038.778931929432 26555.32380821611 938.3027205626604 8046.849289763713 2233.5581306861895 25991.21511161432 33980.549302630716 19358.517309672712 25052.515884288165 38311.21056632744 6209.865034881554 3393.315189489196 39595.03330266607 31000.97932083553
30061.69349602894 7794.9853641684 29454.105105371993 18454.072864579437 31647.654889038575 36546.424152933054 31546.199035667763 17742.094674939348 34211.07319433534 5297.238228381471 19257.302012465538 38540.20244034774 3783.5245043398972 33285.42476233587 34174.29248139947 6077.1577140802965 7501.7195946517695 15913.105473516516 6043.170972389786 13119.755597186992
15412.129448134885 10877.960035014996 7123.834640193056 11996.268584457797 4975.091038188104 20626.812706242617 29010.31004029765 11190.683547305347 5809.117966652133 4600.424943438131 9682.76795070274 36315.25998569404 380.72131186499973 16220.611790071096 21017.7886298716 4613.9554879405605 15714.683142380927 13406.82531948696 9568.65048737363 16594.36605555889
22832.73043611807 10628.731009417586 5511.4804832911705 20878.36665147796 7283.774725989468 38015.15657738475 4119.831551486137 27139.567642771577 1750.0588992358207 37740.4237587815 26352.293676118596 16725.992132785213 8917.27176341337 5592.357200820577 25808.861331644774 10872.951288131319 7198.597383836235 15715.665624772522 3894.292065794618 4722.724852325993
3708.383140215359 20166.569730206233 3150.1350147608646 16197.283940705862 4605.557578047077 3229.1472481868914 29579.79747689903 27650.0909774503 16616.217682371505 34567.453685299275 22180.678805438885 424.06712547711504 2248.448258026765 12300.122748124155 26568.807843745148 4794.185964307842 30933.838577922623 19341.955982647385 14243.432877444819 31398.298370149467
26796.85579567896 20368.63579784766 1433.4459002168624 21939.141597609614 11071.921634663284 282.2058941391042 16412.882430512178 34458.02954468837 26981.237403849354 9182.665641163092 25539.366360721437 31828.35530488019 7057.209311148708 17303.81178218947 22113.523048823303 35266.2445346346 18690.497312448082 7478.340850951181 25415.50925649998 32227.38183768867
7850.308976216169 32051.163012901692 11901.833636144966 21848.392088041288 27353.075011830668 11111.896300923414 1136.859825912019 12353.839065749631 33492.07058252524 4648.213471237041 15817.877190797004 3248.3107141071996 4616.096893189913 293.75283379360917 29550.485436155228 9741.583805320237 16941.062827620157 6462.954633148987 15083.74736939909 12604.6542987896
7556.3287257741595 19861.67157624287 20012.453919562744 24260.655174775075 21675.67000096253 28915.701791807674 31173.65812311586 17483.372951498775 8234.05516450851 24914.493349142715 12017.987980055786 37057.16045800416 3332.5437073285757 17504.749475562894 2137.412860746197 5765.066189253863 5108.00130486769 27358.46232371079 1100.364040403365 36920.111143509115
1299.6957540901967 21994.671020769158 22858.105546776787 23440.923273588218 27459.04672923428 6636.661059729451 34920.445500839436 37074.873382589314 8787.202158247412 36201.08471885256 49.77248335722834 20231.73902432288 29962.080731504557 19518.58790501583 20035.503977614702 37594.079852785086 18259.294319146557 13349.52109983307 18171.351259472485 38266.48101967262
31944.235536497916 38856.71025827565 4447.252278316981 22160.5130190103 34546.492345551866 12410.220326432189 17312.83163794854 24001.977434008946 13486.097791865004 32818.68779571029 9509.098881626165 24372.08792343755 18508.57662611395 28193.509198167492 25494.211134620084 9291.780967610634 15522.161354052816 15880.503133003673 26442.093472149034 34256.02868843071
33320.66250853815 16473.437358499807 4789.067490253865 34398.98167981802 31802.910695232073 33992.62234098237 31923.43609284006 27237.658937996646 22677.603977392988 18824.872809207343 37528.508885273695 26275.191228169613 24419.879112535127 28993.827968026184 6727.537216547282 6427.810352985385 38060.31088099898 24741.577170757264 23661.870868105063 35540.56747897751
27526.55583382046 29140.39104376333 23933.668298966615 19246.98434760292 14220.569361971353 4692.817419232446 7336.362963064965 4825.454438215915 24046.73600872743 11098.713418958361 31788.185837811085 10820.565483645201 15442.604189824695 23865.02741147611 19063.338990551405 8897.694440104695 35694.24507455552 438.3510831036692 19505.138539944517 21971.408599100694
16500.489944693734 18939.614347002567 4302.744356998142 29562.892305574962 17243.207859615013 7183.855880469511 30556.73038258357 35384.96261561113 28599.207981042877 26903.53375689908 33835.8480301576 14054.08973063805 10700.930292094472 10451.745466449314 16805.1266578311 36772.61998739756 25181.55428040831 26805.21370477866 23617.474555957793 10689.234013016927
15299.58152819139 1505.2688358170053 23386.158628726305 29973.04159485778 17903.677215593452 32135.364808932092 8007.245404176783 12497.319443343473 19518.85873026383 16291.43800030599 12247.418201480254 31322.73154079992 1217.2203616965126 3863.501835846415 13269.397834141033 2779.9079017992226 27115.050308486298 25937.959124590016 26280.614949953066 25724.193011893618
5888.165180325093 33716.31028697474 17434.913221385013 16104.346131266146 15268.134932456294 20377.214251215988 3813.7948348878144 7749.979277350567 6287.457502408537 31014.858970423862 35321.15388307936 37422.5408619683 22629.431114083134 22338.04288377848 20357.834240406246 14822.464692896818 19813.062713958057 38516.66805920203 28907.327856183907 28885.062195721934
28193.359489142982 27280.732682787755 39135.265660070145 19079.515455609228 1996.7589270351164 26931.654890145684 38329.397878957396 20439.98077692621 37954.347662675435 15618.478002609634 37325.93014236749 33662.83825626988 34748.757550441005 36910.811938251725 11245.803626683726 6217.9183540322265 28141.71718957771 20066.992514458227 15984.23595355924 19213.98692162387
16834.154870249724 36999.2035081887 31959.9016076171 32726.379357331847 25845.567485325504 24271.137325983294 25765.669142721315 8263.972339032412 26309.40630847678 3875.122642389273 10514.497446246027 29949.49479734798 4256.481992058458 4842.116345851633 24528.150291594127 5822.509095336547 31343.513956722858 28744.704466982344 2622.054994379294 27656.12067707614
22849.98592727118 24226.300876712194 38945.1627460506 31504.631853321196 9969.136633968474 17988.095217088397 16593.94683839555 15108.015947229054 2016.7925342971394 19265.955756645726 11992.032289883995 37370.38579684748 35386.36767074966 16850.283886652207 28967.093501815478 17788.090635261255 39549.50482448512 17052.40626928985 24628.84545358912 22282.096780871056
17164.315577831858 16444.405251141663 26895.473554013326 17106.97545290591 12120.6202800239 36124.14005055865 39668.91945166889 27669.04029218941 24669.85130108787 20132.580071328197 37484.205897540945 12957.16237750736 37788.597078307765 35175.204068824096 3348.5854080819845 27223.17514770751 14214.912290926653 11998.379320477427 2255.6448458397645 27722.798287446025
14772.07898108622 22922.54432551927 10509.829701571136 13799.588526020856 30968.22849907593 23470.596344932863 1725.3448347659432 16093.27745758855 32724.89742291812 14777.659728617957 34209.76143633448 1242.090205893408 33709.69811313905 25177.756709312795 3843.8845467177307 22145.11037936904 17877.35534489325 33301.4229715852 22079.23659393131 13229.206519651656
2599.2935741549154 16647.73461791135 16272.564361916578 823.9195140820557 32529.342521531966 25493.455013045594 1370.7144723184138 30329.042645047906 11970.842196288013 35449.295197925756 1686.9194708311225 30101.571763263346 9865.994694914594 29884.71415824029 18154.390025689143 19260.938577473342 29359.25282016112 23445.248724095578 26300.325450430115 20491.35344495478
11573.243247290206 7005.845306792677 36788.004013387384 11556.580165470059 31159.745822787307 32618.996967067185 30182.661134095302 26227.177277064315 37518.19825050091 29181.442798605618 38730.87545628251 10149.934450835455 7509.982752980719 22306.714254943985 4703.999999188611 6698.035118644344 13078.811422937888 27967.13405869437 26975.891155250167 7534.928673256634
33569.68279528254 35617.066891305636 37554.1441351267 18617.887138709 21173.360219568574 28036.882248597478 18138.86297375801 18356.11736661276 39192.43111768225 16463.998793626422 7663.9052937375545 10471.597398037678 29463.25845829534 3755.2859794273845 32544.88522963604 3510.3096404724165 17841.785548050124 27804.64933708144 2507.7281941652545 10872.404056140793
25929.66822081541 37229.78561938551 28130.040839583977 4950.263653705171 38978.86566162313 1344.9762504476967 34453.25089517907 3299.0354783507173 33235.93682100054 15506.971601289726 35186.839662852 5707.757940162948 8919.393129808206 19850.16254646995 33229.822547621174 10557.25222840179 18370.334979002626 11483.05192344238 5433.695653037894 15467.40436108195
39866.692735896184 38493.7087265054 25915.326001146408 32549.790055708327 20826.400910192933 32250.38301997064 876.597878110897 27465.752521263883 6233.880799408293 29973.11947448631 21207.24162362347 9258.09543555689 36189.20806007195 28431.711605367793 24314.394464054258 36652.237492557935 39316.296945086724 26023.45488739475 38548.538855831124 17926.114302981376
28624.679236498167 17237.725015135842 39621.94920852741 38936.293255321005 9248.78245917844 14914.521646507892 11641.803434583613 32720.73356084163 19454.624229589128 25045.940748238765 14036.567932034832 24852.139293214965 26724.947183489618 39416.99154775066 10545.056561170653 5498.277262193558 1653.6367823503242 23558.078908448457 3798.0912133805814 4946.372937526756
24771.25246600198 24258.51787700641 6830.131138935194 7227.360293586185 18122.730432755117 15118.66088858834 36991.791779392166 38139.336942129055 31024.83001687868 1684.0048611215825 33620.38965501464 5023.851258990453 16865.854760011043 4982.58043712676 30575.525336786413 12469.97650706159 9906.905530045078 12711.930764399973 4439.807664906104 17650.541237213947
35675.69570391947 29550.09349861723 35933.21591815465 3514.9918523790293 8629.570565044778 21118.12392222102 23162.536304093235 27274.56901100263 1504.975369195854 4168.780944602926 28680.35686803165 35986.25662408185 25912.73574339406 31397.94275620183 13160.985703169801 21653.693015873258 22203.491799006533 15304.681892749402 5918.868072915302 11824.831177155382
17837.28294557545 260.1561767604362 28927.682816741777 6278.427269132955 31442.740661367727 36756.162659918846 24675.586720398453 35938.53330306701 29580.363235263518 28227.92999924698 22358.513879469363 4450.50251277952 13349.828954364673 13045.555556885858 22584.18721129213 33398.36315499614 6539.7345294633615 6040.007329523376 3905.9495297421654 4453.465428080215
520.9613175258091 39850.3289838115 30298.606064040803 6490.215281233872 15613.909826409872 25387.744679409 27350.94303543813 2447.790058489165 1279.6804867231986 3158.6486935662397 7665.576600701343 34471.33645133396 28959.772447631476 9624.827861236217 4247.626467145827 26702.96868511402 15826.041035320843 33833.35591358478 19106.977051702077 31333.928303157878
35431.10563666627 22723.03411373852 38556.405702167714 1769.3977120293312 36870.56275886005 35467.19318192692 32805.70379534944 39335.53655899643 20069.915042267978 2799.466713004138 19518.704537935042 14901.286114770613 10857.981175200346 22946.06589937803 1007.6776973280757 24553.31526508022 12688.71892567382 14258.62431324823 37290.683813689 9027.464546742023
38759.098509812684 24142.350048488173 19876.659910236223 31479.438651669276 14973.219889018888 32824.361956143315 11567.637591398778 6094.364404979116 28581.875720435084 17109.919463362086 1707.7479195482192 15913.66715222835 13643.774502720775 4904.49438816948 25254.099975421523 11873.11694025257 37485.556474481644 19296.42465508438 17266.73352715111 29564.581636449537
31604.88883373104 27438.19998434481 23294.829769383065 39611.51068770153 34986.38875622053 381.10807637048856 33221.63526607892 16122.098621591522 37467.001972159305 31909.873247296833 26468.26341915338 25412.40036743435 28986.5371245661 31390.399954858665 14194.782480787653 36590.10124840728 39337.78994399958 18232.124325985867 23325.190455094038 429.94582303367133
14680.164826815835 25324.970969994585 7896.585069287907 32359.764417763803 36591.70641348856 10998.893056790768 20974.815908079832 33097.08847682367 3914.411341271374 31475.144948978363 37583.16916137046 30410.06061817567 36738.11224175648 10750.685384338482 17994.60790496148 38288.49039540897 33833.92778637269 360.70320268798605 19229.63023354369 32734.16975590374
38254.32347094583 14950.235196244736 15846.298233110838 27677.223387043225 35483.636091951405 30500.377828043645 24082.624538864806 513.2894202016614 3055.7048856640395 11933.361441175151 3249.1193397814495 12891.42165431906 39341.65466763218 30474.86602591587 32460.93133816155 37620.74142183583 33822.24109493358 22102.727765597177 21385.12030688111 20893.509062034533
27089.41060065836 23426.345884266273 12764.222081900294 16104.352158230895 15904.313604290517 28676.449320813517 38674.22142132638 34832.72992323106 8316.81056988268 23963.38106774582 29193.10086976566 18161.22350604727 25577.556447220435 12688.303872013686 3643.461640872978 1136.778460447098 31176.80584948733 6004.9670989342685 32729.024985237465 38890.65840338172
37703.190162908024 32817.93959064123 24277.159151340107 34696.76510006145 277.120043041843 6900.77186677359 30230.42171585875 28586.854356855496 17637.53321273815 7425.55268313534 15106.116192809233 9364.746032757635 25638.53292490071 31044.765951841866 32358.619746099313 26905.192101365712 18585.119622404953 17069.175275673424 30224.42602800802 25020.51039283143
36790.766987207084 12108.099301265387 29534.37091090442 18798.778917051426 25275.570633912568 29497.71359797907 33116.45589048911 15390.82269508933 17467.955962812965 26495.65349859853 23238.398338652954 14005.639108329651 11672.12586389783 22784.32844192833 5970.776280348744 11846.854276511945 5031.602237255784 28974.06163911319 28021.408546295756 9287.01255226441
23737.767194245636 28176.670266615238 39825.88207688139 4951.888491635042 11094.952142295495 23932.53633025504 35971.00179647784 8395.354311629433 38564.918348946885 1645.591533964929 29543.27157355916 33865.80231851616 9119.227741293493 37828.030452908344 4660.552953492725 33123.73858597677 12178.531230031054 39587.74335886283 8837.753067828058 809.000402061476
3351.290996089745 9633.948978551072 3339.0691562269967 4257.258709755604 31331.945449794526 22298.05867751751 25817.466323276964 27596.947881584732 31977.65350325561 37867.822820182555 15418.744183977702 22869.850945988703 39750.48272095012 29672.61721574248 16059.261105497815 30682.98518520018 36454.27588336036 20352.47400809385 32483.83525954467 37064.50232168716
1006.7369945597093 12450.080356672832 14365.790465578359 31813.706073029767 50.26153470881036 23459.446747737235 18568.957080216445 5389.655072895344 23336.724702121504 35467.77400272944 5230.519018503923 15492.66122328211 23274.998810792447 6634.595230795867 17012.169430653135 5855.649571451408 6579.227888503252 23376.79147812876 12329.30218861048 13475.910924814918
22822.473093063218 35239.41169163223 2305.212764354448 7337.67744638259 26592.459668301646 36626.85026322235 29052.611907152896 35908.044831345775 23556.98803894985 25848.310644462945 38002.48934984937 31891.049483096886 5105.8279063161335 1969.1712971139423 36972.837265516355 3474.335827701576 35345.950232341536 5436.247374186234 775.6762048776873 2159.3645942471085
37744.57829630591 24774.59216107368 18542.259488203148 23027.431399675 9236.98791544819 34462.83707886539 2624.404953463403 10370.419258573587 13299.917928912524 5641.504982534747 17261.050048986588 14329.090968316968 15408.66233839655 16941.88053589472 36807.838964467795 4947.898885938212 15694.676031535333 10709.3106538791 29563.88852363255 24197.59922205629
31278.021155107497 27688.003308606476 32878.80244388385 23437.686501521348 37904.86975189368 34538.729728211125 18026.904378712385 15122.379206402567 28642.961393641708 26145.76114434091 35452.79357387858 31581.326963069256 18399.831001177467 12097.24291998104 21851.968709363784 18376.671642600457 13266.92612911501 11404.771425491406 8508.65954528695 20046.274322276735
37894.38070665479 14170.853489483477 15799.876005109047 6477.66961943919 9154.222081921684 5982.638356627895 22824.35752868449 226.53503528031797 8569.157273498491 12713.487869327564 37183.594244440326 20786.691998829527 34867.859542637976 11126.423815191218 6250.711478309899 28630.031034933367 16884.87569346362 21808.875236293858 1297.2053585141002 20642.78328055451
21278.169232567045 11256.628724546452 30012.652625033305 34745.558870253146 19797.27450710638 9009.257988933452 18556.69146415788 29680.604680131903 22368.209843956443 6751.998922124241 32869.5506101143 24463.290645597055 5521.767587195021 33544.901366284306 9345.498985003147 28941.228844861558 19581.267070396465 35469.61181196523 15568.424489424771 24583.869984502682
2014.8312809652598 6785.551018475586 28413.39588016639 23278.071627085614 28160.205778449013 28194.69221482546 8680.064032693623 38055.881252443854 28895.16179269147 6308.475635480627 8219.278918410424 21222.599788303243 11123.879362458732 34320.2060863748 20209.596450044857 5600.909593827948 38083.92216930287 8402.768865584767 15300.917613780326 19151.585333071787
20855.141078224966 2475.1608424985643 26817.396524801195 15987.696449736824 3770.7827437596425 35407.70427468538 7072.284809828978 2060.467396001157 32775.48385401273 33080.70677316073 25177.35319763943 12576.189435481005 2830.463354320029 33791.79092491239 6176.360207832588 12560.216133744882 16185.367560751733 14803.57972689053 21754.383967466918 37980.15249430645
25716.69307523702 34349.3613968735 21974.970415211013 3409.929996693656 1327.9215619369825 18984.818633727224 10494.005402425031 36429.434132153154 37963.367446842654 30689.693687363233 27958.20584211361 13190.068339752776 30788.325624068442 29121.95583579621 18119.291720428475 13130.42980812721 25304.639961574514 15820.522629815165 39587.67949694434 34301.805870598284
37892.99886614051 20736.58805392736 15066.114229145638 18559.11756069287 15140.878094555972 28497.914316016715 26161.76839041846 16870.17408703994 26658.06168721415 17774.787124140716 1881.4195724969577 27354.49025571975 14382.880951375875 2969.0613174006758 12037.29888438133 35200.28738141696 13536.045177995951 11521.820924141251 35483.661570129116 7778.5059589044795
3847.8229152150016 14155.960473794385 33717.28606430367 16613.462787465087 30161.015219798173 23628.340885869457 32237.610485214438 34246.94651579619 15154.433779121295 17407.413454579884 5616.474027068898 35272.876334990746 30078.484346071833 10578.610870171837 36354.11592037681 28990.069826235485 18483.948340645355 5985.066850410598 12230.320687472034 25397.13294754039
22886.707623676073 5458.564164188621 37671.35522704852 10895.04013450259 8670.60577984263 25742.639587487418 33094.17823327242 15896.444151203414 2357.7386719949136 24895.315703926415 6676.766479121143 20149.17100476484 20870.441264650606 4356.603055184243 19010.715475149816 20376.72161426853 19153.965369363308 39821.50837292074 12900.501656006432 19934.62882560674
35514.088586876445 2060.8184242791976 34923.87207493742 23918.247970687393 12721.691438321457 19470.53778942415 12611.039896713082 25069.905950082033 32621.402042129717 35600.72022401498 29727.8266447939 31527.53161071319 24934.288974860814 3982.704692136018 32205.20103855031 28042.180807006276 5595.628242370543 4421.052636902405 11527.046549718318 4081.205778790396
23606.841768888422 28133.896228511017 15551.523495496289 1609.979827955969 25714.459224048966 5144.941528365212 95.12244084205304 28279.37602079005 12400.507236028916 4806.837882657588 35952.6663167285 33728.89849480367 14893.431771782412 14808.782280134785 32195.83919514677 27085.12471339536 3873.9846006770094 34582.10999732353 35295.08122692116 18717.7728487261
31809.06901140379 1694.0268952822735 10642.792369824065 32951.369761242844 18743.707517440354 35038.10147544424 8226.96958830116 33765.93834844834 31901.48509990919 31262.504645091034 16099.37309845352 37468.34209456731 26874.6883126403 13697.995190797561 38708.835662874786 33806.04999341475 28500.57704792914 19326.245924693838 8504.140401971272 2828.6438150768518
23431.915436318908 11350.927189607697 23574.584939655186 21725.188401130858 5030.41544080014 13867.145731087534 5654.062360529042 31044.689019841477 8556.842436793848 24068.259869873385 37430.02865404175 16253.896848990444 27511.86411297056 3155.9042670928757 30945.63157163356 34919.17857172583 14426.102672407284 15028.395465763804 17133.498940552297 17522.29663484481
23086.60981653732 34093.76194854234 14153.16524166163 28909.434450522054 175.34519380145503 24073.822174149875 33653.39349513317 39895.56109546404 15052.313001305956 19688.06098312891 23011.292236014942 21276.852091807184 2298.1975037486372 29193.437421383587 14880.9414485368 15611.512504772443 28339.769742050434 3220.243534023117 23681.936816680467 36230.24247272091
35371.88358825738 3662.3353108334286 11140.429316367536 13543.85292207108 944.8410628683923 5634.9676008813 22670.563029070156 20572.1791919516 11983.720575940988 33731.28753925818 21874.706677157053 9909.537531521391 2748.598634013513 5066.907689953832 39573.71087930979 18153.614909896733 2182.51758730067 4832.059583489921 31563.68841213263 1458.168131581875
9905.26184333032 9943.699572733658 16950.456264638644 9916.693552243512 30698.089674395684 23455.986362489853 1199.3502850791665 24647.80568668881 12180.313605045807 19243.28626207463 10688.069649859577 10858.758656086458 32850.61834533451 39118.90412616844 36734.69404621277 34573.59082969986 24380.28111076604 15357.824026933726 14454.359843818598 20682.43200753435
2833.9223321802456 13565.123694895314 26554.523676658937 16734.908962901995 4996.00026048769 15349.123833239795 29485.988780142252 7555.160722532919 17193.959614924453 38587.400671032054 17362.00160050583 641.4137455573764 9666.33674274445 35652.0113662368 9103.950319129703 29422.56100470538 8285.612552512917 25685.031960125663 19326.77708070233 27390.26825731428
14486.92621731268 18994.033178090354 6793.978257170811 1171.770408788052 33946.60561724559 16615.611907326987 18109.008084121917 33141.81653310638 1495.4504609692995 32274.386616198448 29940.722732700342 19587.339559741198 2490.4260251597116 33023.46905219869 6581.265844024492 1511.7083004273627 32112.45690364662 29356.004739643147 34517.37798255773 36693.14773327823
827.7696812265567 32164.127429973116 16442.95939715462 37981.12205710667 11674.415407200036 29568.204993123323 22618.715987144034 23031.48434958954 5875.530155665745 35356.00340735567 26978.456417391513 25765.348161066337 22592.495675944887 28886.785878155843 19141.72876403878 27405.71180874634 17386.31850676116 28664.292120390073 39149.67113648576 17860.668423109935
12768.826590731267 15195.880107459985 18225.130241942512 19377.40041955327 16873.20559975648 16709.972591632813 38560.052997602295 30852.545817990554 3578.9525255031986 10537.161709566206 12974.392919957048 17954.584844366902 21583.602453051088 10161.752239155461 9739.280999058266 29841.56446607561 31121.68501027367 28770.201806003737 22267.794769763554 30340.375658569785
6963.08102530104 6554.755104680635 12557.502764342617 20435.563184846822 15811.215669777888 13775.444689827205 38968.23461283883 36614.528575302946 16718.559282380153 7671.655045385198 28769.826765975893 13852.298747404973 12801.70856119089 3882.0075507984566 17478.209307787056 17151.4693953646 36935.55400192003 9090.882915996326 18539.03167440576 34614.13124096164
