4 0 1000000000 0.004
10 0 1000000000 0.004
11 0 1000000000 0.004
14 0 1000000000 0.004
15 0 1000000000 0.004
19 0 1000000000 0.004
20 0 1000000000 0.004
22 0 1000000000 0.004
26 0 1000000000 0.004
27 0 1000000000 0.004
28 0 1000000000 0.004
29 0 1000000000 0.004
30 0 1000000000 0.004
33 0 1000000000 0.004
34 0 1000000000 0.004
35 0 1000000000 0.004
36 0 1000000000 0.004
42 0 1000000000 0.004
43 0 1000000000 0.004
46 0 1000000000 0.004
53 0 1000000000 0.004
54 0 1000000000 0.004
59 0 1000000000 0.004
62 0 1000000000 0.004
63 0 1000000000 0.004
67 0 1000000000 0.004
68 0 1000000000 0.004
71 0 1000000000 0.004
74 0 1000000000 0.004
76 0 1000000000 0.004
6 1 1000000000 0.004
7 1 1000000000 0.004
14 1 1000000000 0.004
16 1 1000000000 0.004
19 1 1000000000 0.004
23 1 1000000000 0.004
24 1 1000000000 0.004
25 1 1000000000 0.004
27 1 1000000000 0.004
28 1 1000000000 0.004
30 1 1000000000 0.004
33 1 1000000000 0.004
34 1 1000000000 0.004
35 1 1000000000 0.004
36 1 1000000000 0.004
38 1 1000000000 0.004
40 1 1000000000 0.004
43 1 1000000000 0.004
46 1 1000000000 0.004
47 1 1000000000 0.004
49 1 1000000000 0.004
50 1 1000000000 0.004
52 1 1000000000 0.004
54 1 1000000000 0.004
55 1 1000000000 0.004
60 1 1000000000 0.004
64 1 1000000000 0.004
65 1 1000000000 0.004
66 1 1000000000 0.004
68 1 1000000000 0.004
69 1 1000000000 0.004
72 1 1000000000 0.004
73 1 1000000000 0.004
74 1 1000000000 0.004
77 1 1000000000 0.004
78 1 1000000000 0.004
3 2 1000000000 0.004
4 2 1000000000 0.004
5 2 1000000000 0.004
6 2 1000000000 0.004
8 2 1000000000 0.004
9 2 1000000000 0.004
11 2 1000000000 0.004
12 2 1000000000 0.004
15 2 1000000000 0.004
20 2 1000000000 0.004
26 2 1000000000 0.004
28 2 1000000000 0.004
34 2 1000000000 0.004
35 2 1000000000 0.004
36 2 1000000000 0.004
37 2 1000000000 0.004
38 2 1000000000 0.004
39 2 1000000000 0.004
41 2 1000000000 0.004
45 2 1000000000 0.004
46 2 1000000000 0.004
55 2 1000000000 0.004
56 2 1000000000 0.004
57 2 1000000000 0.004
61 2 1000000000 0.004
67 2 1000000000 0.004
68 2 1000000000 0.004
70 2 1000000000 0.004
75 2 1000000000 0.004
77 2 1000000000 0.004
78 2 1000000000 0.004
0 3 1000000000 0.004
1 3 1000000000 0.004
9 3 1000000000 0.004
10 3 1000000000 0.004
12 3 1000000000 0.004
14 3 1000000000 0.004
20 3 1000000000 0.004
21 3 1000000000 0.004
23 3 1000000000 0.004
27 3 1000000000 0.004
28 3 1000000000 0.004
29 3 1000000000 0.004
33 3 1000000000 0.004
34 3 1000000000 0.004
37 3 1000000000 0.004
40 3 1000000000 0.004
45 3 1000000000 0.004
47 3 1000000000 0.004
49 3 1000000000 0.004
50 3 1000000000 0.004
53 3 1000000000 0.004
54 3 1000000000 0.004
56 3 1000000000 0.004
57 3 1000000000 0.004
58 3 1000000000 0.004
64 3 1000000000 0.004
65 3 1000000000 0.004
66 3 1000000000 0.004
67 3 1000000000 0.004
68 3 1000000000 0.004
73 3 1000000000 0.004
76 3 1000000000 0.004
78 3 1000000000 0.004
1 4 1000000000 0.004
5 4 1000000000 0.004
6 4 1000000000 0.004
10 4 1000000000 0.004
13 4 1000000000 0.004
15 4 1000000000 0.004
16 4 1000000000 0.004
19 4 1000000000 0.004
20 4 1000000000 0.004
21 4 1000000000 0.004
22 4 1000000000 0.004
23 4 1000000000 0.004
25 4 1000000000 0.004
27 4 1000000000 0.004
28 4 1000000000 0.004
34 4 1000000000 0.004
35 4 1000000000 0.004
36 4 1000000000 0.004
37 4 1000000000 0.004
38 4 1000000000 0.004
41 4 1000000000 0.004
42 4 1000000000 0.004
46 4 1000000000 0.004
49 4 1000000000 0.004
50 4 1000000000 0.004
53 4 1000000000 0.004
55 4 1000000000 0.004
56 4 1000000000 0.004
57 4 1000000000 0.004
60 4 1000000000 0.004
61 4 1000000000 0.004
64 4 1000000000 0.004
67 4 1000000000 0.004
69 4 1000000000 0.004
71 4 1000000000 0.004
78 4 1000000000 0.004
79 4 1000000000 0.004
0 5 1000000000 0.004
7 5 1000000000 0.004
8 5 1000000000 0.004
10 5 1000000000 0.004
17 5 1000000000 0.004
21 5 1000000000 0.004
22 5 1000000000 0.004
26 5 1000000000 0.004
28 5 1000000000 0.004
30 5 1000000000 0.004
32 5 1000000000 0.004
33 5 1000000000 0.004
34 5 1000000000 0.004
36 5 1000000000 0.004
37 5 1000000000 0.004
39 5 1000000000 0.004
42 5 1000000000 0.004
43 5 1000000000 0.004
44 5 1000000000 0.004
45 5 1000000000 0.004
51 5 1000000000 0.004
52 5 1000000000 0.004
55 5 1000000000 0.004
57 5 1000000000 0.004
63 5 1000000000 0.004
66 5 1000000000 0.004
68 5 1000000000 0.004
70 5 1000000000 0.004
73 5 1000000000 0.004
74 5 1000000000 0.004
75 5 1000000000 0.004
77 5 1000000000 0.004
78 5 1000000000 0.004
79 5 1000000000 0.004
2 6 1000000000 0.004
7 6 1000000000 0.004
10 6 1000000000 0.004
11 6 1000000000 0.004
16 6 1000000000 0.004
18 6 1000000000 0.004
21 6 1000000000 0.004
22 6 1000000000 0.004
25 6 1000000000 0.004
26 6 1000000000 0.004
28 6 1000000000 0.004
29 6 1000000000 0.004
31 6 1000000000 0.004
32 6 1000000000 0.004
36 6 1000000000 0.004
38 6 1000000000 0.004
40 6 1000000000 0.004
41 6 1000000000 0.004
42 6 1000000000 0.004
43 6 1000000000 0.004
47 6 1000000000 0.004
48 6 1000000000 0.004
52 6 1000000000 0.004
54 6 1000000000 0.004
56 6 1000000000 0.004
59 6 1000000000 0.004
60 6 1000000000 0.004
63 6 1000000000 0.004
64 6 1000000000 0.004
71 6 1000000000 0.004
72 6 1000000000 0.004
73 6 1000000000 0.004
74 6 1000000000 0.004
76 6 1000000000 0.004
1 7 1000000000 0.004
2 7 1000000000 0.004
9 7 1000000000 0.004
10 7 1000000000 0.004
12 7 1000000000 0.004
16 7 1000000000 0.004
18 7 1000000000 0.004
19 7 1000000000 0.004
22 7 1000000000 0.004
23 7 1000000000 0.004
25 7 1000000000 0.004
26 7 1000000000 0.004
27 7 1000000000 0.004
29 7 1000000000 0.004
35 7 1000000000 0.004
37 7 1000000000 0.004
38 7 1000000000 0.004
43 7 1000000000 0.004
44 7 1000000000 0.004
47 7 1000000000 0.004
48 7 1000000000 0.004
49 7 1000000000 0.004
51 7 1000000000 0.004
54 7 1000000000 0.004
60 7 1000000000 0.004
61 7 1000000000 0.004
65 7 1000000000 0.004
66 7 1000000000 0.004
68 7 1000000000 0.004
77 7 1000000000 0.004
78 7 1000000000 0.004
0 8 1000000000 0.004
1 8 1000000000 0.004
4 8 1000000000 0.004
6 8 1000000000 0.004
10 8 1000000000 0.004
14 8 1000000000 0.004
18 8 1000000000 0.004
20 8 1000000000 0.004
21 8 1000000000 0.004
31 8 1000000000 0.004
34 8 1000000000 0.004
39 8 1000000000 0.004
40 8 1000000000 0.004
42 8 1000000000 0.004
45 8 1000000000 0.004
49 8 1000000000 0.004
50 8 1000000000 0.004
51 8 1000000000 0.004
55 8 1000000000 0.004
57 8 1000000000 0.004
59 8 1000000000 0.004
60 8 1000000000 0.004
63 8 1000000000 0.004
64 8 1000000000 0.004
67 8 1000000000 0.004
68 8 1000000000 0.004
73 8 1000000000 0.004
74 8 1000000000 0.004
76 8 1000000000 0.004
3 9 1000000000 0.004
4 9 1000000000 0.004
7 9 1000000000 0.004
10 9 1000000000 0.004
11 9 1000000000 0.004
13 9 1000000000 0.004
15 9 1000000000 0.004
19 9 1000000000 0.004
21 9 1000000000 0.004
25 9 1000000000 0.004
27 9 1000000000 0.004
30 9 1000000000 0.004
33 9 1000000000 0.004
38 9 1000000000 0.004
40 9 1000000000 0.004
43 9 1000000000 0.004
44 9 1000000000 0.004
45 9 1000000000 0.004
46 9 1000000000 0.004
47 9 1000000000 0.004
50 9 1000000000 0.004
51 9 1000000000 0.004
52 9 1000000000 0.004
53 9 1000000000 0.004
54 9 1000000000 0.004
55 9 1000000000 0.004
59 9 1000000000 0.004
71 9 1000000000 0.004
73 9 1000000000 0.004
76 9 1000000000 0.004
4 10 1000000000 0.004
8 10 1000000000 0.004
11 10 1000000000 0.004
12 10 1000000000 0.004
17 10 1000000000 0.004
20 10 1000000000 0.004
23 10 1000000000 0.004
26 10 1000000000 0.004
29 10 1000000000 0.004
30 10 1000000000 0.004
33 10 1000000000 0.004
34 10 1000000000 0.004
35 10 1000000000 0.004
38 10 1000000000 0.004
40 10 1000000000 0.004
41 10 1000000000 0.004
47 10 1000000000 0.004
51 10 1000000000 0.004
55 10 1000000000 0.004
57 10 1000000000 0.004
58 10 1000000000 0.004
61 10 1000000000 0.004
63 10 1000000000 0.004
64 10 1000000000 0.004
67 10 1000000000 0.004
69 10 1000000000 0.004
70 10 1000000000 0.004
71 10 1000000000 0.004
1 11 1000000000 0.004
5 11 1000000000 0.004
8 11 1000000000 0.004
17 11 1000000000 0.004
18 11 1000000000 0.004
19 11 1000000000 0.004
21 11 1000000000 0.004
24 11 1000000000 0.004
25 11 1000000000 0.004
26 11 1000000000 0.004
27 11 1000000000 0.004
28 11 1000000000 0.004
30 11 1000000000 0.004
33 11 1000000000 0.004
34 11 1000000000 0.004
37 11 1000000000 0.004
38 11 1000000000 0.004
44 11 1000000000 0.004
45 11 1000000000 0.004
48 11 1000000000 0.004
54 11 1000000000 0.004
59 11 1000000000 0.004
60 11 1000000000 0.004
62 11 1000000000 0.004
63 11 1000000000 0.004
67 11 1000000000 0.004
68 11 1000000000 0.004
71 11 1000000000 0.004
72 11 1000000000 0.004
73 11 1000000000 0.004
74 11 1000000000 0.004
77 11 1000000000 0.004
2 12 1000000000 0.004
3 12 1000000000 0.004
5 12 1000000000 0.004
7 12 1000000000 0.004
9 12 1000000000 0.004
11 12 1000000000 0.004
21 12 1000000000 0.004
24 12 1000000000 0.004
25 12 1000000000 0.004
26 12 1000000000 0.004
28 12 1000000000 0.004
31 12 1000000000 0.004
36 12 1000000000 0.004
37 12 1000000000 0.004
46 12 1000000000 0.004
49 12 1000000000 0.004
57 12 1000000000 0.004
63 12 1000000000 0.004
67 12 1000000000 0.004
79 12 1000000000 0.004
5 13 1000000000 0.004
6 13 1000000000 0.004
7 13 1000000000 0.004
8 13 1000000000 0.004
9 13 1000000000 0.004
10 13 1000000000 0.004
15 13 1000000000 0.004
16 13 1000000000 0.004
20 13 1000000000 0.004
22 13 1000000000 0.004
25 13 1000000000 0.004
28 13 1000000000 0.004
29 13 1000000000 0.004
34 13 1000000000 0.004
36 13 1000000000 0.004
37 13 1000000000 0.004
39 13 1000000000 0.004
42 13 1000000000 0.004
43 13 1000000000 0.004
44 13 1000000000 0.004
46 13 1000000000 0.004
47 13 1000000000 0.004
48 13 1000000000 0.004
49 13 1000000000 0.004
50 13 1000000000 0.004
52 13 1000000000 0.004
55 13 1000000000 0.004
56 13 1000000000 0.004
59 13 1000000000 0.004
60 13 1000000000 0.004
62 13 1000000000 0.004
65 13 1000000000 0.004
67 13 1000000000 0.004
68 13 1000000000 0.004
70 13 1000000000 0.004
73 13 1000000000 0.004
74 13 1000000000 0.004
76 13 1000000000 0.004
78 13 1000000000 0.004
0 14 1000000000 0.004
1 14 1000000000 0.004
3 14 1000000000 0.004
5 14 1000000000 0.004
6 14 1000000000 0.004
8 14 1000000000 0.004
10 14 1000000000 0.004
11 14 1000000000 0.004
12 14 1000000000 0.004
18 14 1000000000 0.004
20 14 1000000000 0.004
27 14 1000000000 0.004
28 14 1000000000 0.004
36 14 1000000000 0.004
38 14 1000000000 0.004
39 14 1000000000 0.004
40 14 1000000000 0.004
45 14 1000000000 0.004
48 14 1000000000 0.004
51 14 1000000000 0.004
57 14 1000000000 0.004
60 14 1000000000 0.004
63 14 1000000000 0.004
64 14 1000000000 0.004
65 14 1000000000 0.004
70 14 1000000000 0.004
71 14 1000000000 0.004
75 14 1000000000 0.004
76 14 1000000000 0.004
77 14 1000000000 0.004
79 14 1000000000 0.004
0 15 1000000000 0.004
1 15 1000000000 0.004
3 15 1000000000 0.004
4 15 1000000000 0.004
5 15 1000000000 0.004
20 15 1000000000 0.004
21 15 1000000000 0.004
23 15 1000000000 0.004
27 15 1000000000 0.004
28 15 1000000000 0.004
34 15 1000000000 0.004
37 15 1000000000 0.004
38 15 1000000000 0.004
39 15 1000000000 0.004
41 15 1000000000 0.004
42 15 1000000000 0.004
47 15 1000000000 0.004
48 15 1000000000 0.004
49 15 1000000000 0.004
50 15 1000000000 0.004
52 15 1000000000 0.004
54 15 1000000000 0.004
60 15 1000000000 0.004
63 15 1000000000 0.004
66 15 1000000000 0.004
73 15 1000000000 0.004
74 15 1000000000 0.004
78 15 1000000000 0.004
79 15 1000000000 0.004
2 16 1000000000 0.004
7 16 1000000000 0.004
9 16 1000000000 0.004
12 16 1000000000 0.004
14 16 1000000000 0.004
17 16 1000000000 0.004
20 16 1000000000 0.004
21 16 1000000000 0.004
22 16 1000000000 0.004
27 16 1000000000 0.004
29 16 1000000000 0.004
34 16 1000000000 0.004
35 16 1000000000 0.004
37 16 1000000000 0.004
42 16 1000000000 0.004
44 16 1000000000 0.004
48 16 1000000000 0.004
50 16 1000000000 0.004
51 16 1000000000 0.004
52 16 1000000000 0.004
57 16 1000000000 0.004
58 16 1000000000 0.004
59 16 1000000000 0.004
61 16 1000000000 0.004
64 16 1000000000 0.004
69 16 1000000000 0.004
73 16 1000000000 0.004
1 17 1000000000 0.004
5 17 1000000000 0.004
10 17 1000000000 0.004
11 17 1000000000 0.004
14 17 1000000000 0.004
19 17 1000000000 0.004
22 17 1000000000 0.004
23 17 1000000000 0.004
24 17 1000000000 0.004
25 17 1000000000 0.004
26 17 1000000000 0.004
28 17 1000000000 0.004
30 17 1000000000 0.004
32 17 1000000000 0.004
34 17 1000000000 0.004
35 17 1000000000 0.004
38 17 1000000000 0.004
39 17 1000000000 0.004
40 17 1000000000 0.004
43 17 1000000000 0.004
44 17 1000000000 0.004
45 17 1000000000 0.004
49 17 1000000000 0.004
51 17 1000000000 0.004
57 17 1000000000 0.004
60 17 1000000000 0.004
62 17 1000000000 0.004
67 17 1000000000 0.004
76 17 1000000000 0.004
78 17 1000000000 0.004
1 18 1000000000 0.004
2 18 1000000000 0.004
3 18 1000000000 0.004
5 18 1000000000 0.004
8 18 1000000000 0.004
13 18 1000000000 0.004
17 18 1000000000 0.004
19 18 1000000000 0.004
23 18 1000000000 0.004
24 18 1000000000 0.004
27 18 1000000000 0.004
28 18 1000000000 0.004
29 18 1000000000 0.004
32 18 1000000000 0.004
35 18 1000000000 0.004
36 18 1000000000 0.004
39 18 1000000000 0.004
40 18 1000000000 0.004
41 18 1000000000 0.004
44 18 1000000000 0.004
50 18 1000000000 0.004
51 18 1000000000 0.004
54 18 1000000000 0.004
58 18 1000000000 0.004
62 18 1000000000 0.004
63 18 1000000000 0.004
66 18 1000000000 0.004
68 18 1000000000 0.004
69 18 1000000000 0.004
70 18 1000000000 0.004
71 18 1000000000 0.004
74 18 1000000000 0.004
76 18 1000000000 0.004
77 18 1000000000 0.004
78 18 1000000000 0.004
3 19 1000000000 0.004
4 19 1000000000 0.004
5 19 1000000000 0.004
6 19 1000000000 0.004
8 19 1000000000 0.004
11 19 1000000000 0.004
12 19 1000000000 0.004
13 19 1000000000 0.004
16 19 1000000000 0.004
17 19 1000000000 0.004
25 19 1000000000 0.004
26 19 1000000000 0.004
28 19 1000000000 0.004
29 19 1000000000 0.004
32 19 1000000000 0.004
35 19 1000000000 0.004
38 19 1000000000 0.004
44 19 1000000000 0.004
50 19 1000000000 0.004
52 19 1000000000 0.004
53 19 1000000000 0.004
56 19 1000000000 0.004
62 19 1000000000 0.004
63 19 1000000000 0.004
66 19 1000000000 0.004
67 19 1000000000 0.004
70 19 1000000000 0.004
78 19 1000000000 0.004
1 20 1000000000 0.004
4 20 1000000000 0.004
7 20 1000000000 0.004
8 20 1000000000 0.004
9 20 1000000000 0.004
10 20 1000000000 0.004
13 20 1000000000 0.004
15 20 1000000000 0.004
22 20 1000000000 0.004
24 20 1000000000 0.004
26 20 1000000000 0.004
27 20 1000000000 0.004
34 20 1000000000 0.004
37 20 1000000000 0.004
38 20 1000000000 0.004
43 20 1000000000 0.004
45 20 1000000000 0.004
53 20 1000000000 0.004
54 20 1000000000 0.004
55 20 1000000000 0.004
57 20 1000000000 0.004
58 20 1000000000 0.004
61 20 1000000000 0.004
64 20 1000000000 0.004
65 20 1000000000 0.004
66 20 1000000000 0.004
67 20 1000000000 0.004
70 20 1000000000 0.004
72 20 1000000000 0.004
74 20 1000000000 0.004
75 20 1000000000 0.004
77 20 1000000000 0.004
2 21 1000000000 0.004
3 21 1000000000 0.004
4 21 1000000000 0.004
14 21 1000000000 0.004
15 21 1000000000 0.004
17 21 1000000000 0.004
19 21 1000000000 0.004
25 21 1000000000 0.004
29 21 1000000000 0.004
33 21 1000000000 0.004
41 21 1000000000 0.004
42 21 1000000000 0.004
45 21 1000000000 0.004
46 21 1000000000 0.004
48 21 1000000000 0.004
56 21 1000000000 0.004
57 21 1000000000 0.004
59 21 1000000000 0.004
62 21 1000000000 0.004
63 21 1000000000 0.004
66 21 1000000000 0.004
67 21 1000000000 0.004
68 21 1000000000 0.004
69 21 1000000000 0.004
70 21 1000000000 0.004
71 21 1000000000 0.004
79 21 1000000000 0.004
0 22 1000000000 0.004
2 22 1000000000 0.004
4 22 1000000000 0.004
8 22 1000000000 0.004
11 22 1000000000 0.004
12 22 1000000000 0.004
14 22 1000000000 0.004
17 22 1000000000 0.004
18 22 1000000000 0.004
19 22 1000000000 0.004
20 22 1000000000 0.004
26 22 1000000000 0.004
29 22 1000000000 0.004
30 22 1000000000 0.004
33 22 1000000000 0.004
36 22 1000000000 0.004
38 22 1000000000 0.004
41 22 1000000000 0.004
42 22 1000000000 0.004
46 22 1000000000 0.004
47 22 1000000000 0.004
49 22 1000000000 0.004
50 22 1000000000 0.004
51 22 1000000000 0.004
55 22 1000000000 0.004
56 22 1000000000 0.004
60 22 1000000000 0.004
62 22 1000000000 0.004
65 22 1000000000 0.004
67 22 1000000000 0.004
71 22 1000000000 0.004
74 22 1000000000 0.004
75 22 1000000000 0.004
76 22 1000000000 0.004
77 22 1000000000 0.004
79 22 1000000000 0.004
2 23 1000000000 0.004
4 23 1000000000 0.004
6 23 1000000000 0.004
7 23 1000000000 0.004
10 23 1000000000 0.004
14 23 1000000000 0.004
25 23 1000000000 0.004
30 23 1000000000 0.004
31 23 1000000000 0.004
33 23 1000000000 0.004
34 23 1000000000 0.004
39 23 1000000000 0.004
40 23 1000000000 0.004
42 23 1000000000 0.004
48 23 1000000000 0.004
49 23 1000000000 0.004
50 23 1000000000 0.004
53 23 1000000000 0.004
54 23 1000000000 0.004
55 23 1000000000 0.004
56 23 1000000000 0.004
58 23 1000000000 0.004
62 23 1000000000 0.004
64 23 1000000000 0.004
68 23 1000000000 0.004
69 23 1000000000 0.004
71 23 1000000000 0.004
72 23 1000000000 0.004
78 23 1000000000 0.004
0 24 1000000000 0.004
3 24 1000000000 0.004
6 24 1000000000 0.004
7 24 1000000000 0.004
9 24 1000000000 0.004
12 24 1000000000 0.004
14 24 1000000000 0.004
19 24 1000000000 0.004
29 24 1000000000 0.004
35 24 1000000000 0.004
36 24 1000000000 0.004
37 24 1000000000 0.004
41 24 1000000000 0.004
42 24 1000000000 0.004
43 24 1000000000 0.004
44 24 1000000000 0.004
45 24 1000000000 0.004
48 24 1000000000 0.004
50 24 1000000000 0.004
52 24 1000000000 0.004
55 24 1000000000 0.004
62 24 1000000000 0.004
65 24 1000000000 0.004
66 24 1000000000 0.004
68 24 1000000000 0.004
69 24 1000000000 0.004
70 24 1000000000 0.004
71 24 1000000000 0.004
72 24 1000000000 0.004
74 24 1000000000 0.004
76 24 1000000000 0.004
2 25 1000000000 0.004
3 25 1000000000 0.004
5 25 1000000000 0.004
8 25 1000000000 0.004
11 25 1000000000 0.004
13 25 1000000000 0.004
16 25 1000000000 0.004
26 25 1000000000 0.004
27 25 1000000000 0.004
30 25 1000000000 0.004
31 25 1000000000 0.004
32 25 1000000000 0.004
35 25 1000000000 0.004
36 25 1000000000 0.004
37 25 1000000000 0.004
38 25 1000000000 0.004
39 25 1000000000 0.004
40 25 1000000000 0.004
43 25 1000000000 0.004
44 25 1000000000 0.004
45 25 1000000000 0.004
46 25 1000000000 0.004
48 25 1000000000 0.004
51 25 1000000000 0.004
52 25 1000000000 0.004
57 25 1000000000 0.004
58 25 1000000000 0.004
60 25 1000000000 0.004
61 25 1000000000 0.004
64 25 1000000000 0.004
66 25 1000000000 0.004
67 25 1000000000 0.004
69 25 1000000000 0.004
71 25 1000000000 0.004
74 25 1000000000 0.004
78 25 1000000000 0.004
3 26 1000000000 0.004
5 26 1000000000 0.004
6 26 1000000000 0.004
13 26 1000000000 0.004
14 26 1000000000 0.004
19 26 1000000000 0.004
20 26 1000000000 0.004
22 26 1000000000 0.004
24 26 1000000000 0.004
29 26 1000000000 0.004
35 26 1000000000 0.004
36 26 1000000000 0.004
39 26 1000000000 0.004
41 26 1000000000 0.004
50 26 1000000000 0.004
51 26 1000000000 0.004
53 26 1000000000 0.004
55 26 1000000000 0.004
56 26 1000000000 0.004
65 26 1000000000 0.004
70 26 1000000000 0.004
71 26 1000000000 0.004
73 26 1000000000 0.004
74 26 1000000000 0.004
75 26 1000000000 0.004
77 26 1000000000 0.004
1 27 1000000000 0.004
2 27 1000000000 0.004
5 27 1000000000 0.004
9 27 1000000000 0.004
15 27 1000000000 0.004
16 27 1000000000 0.004
17 27 1000000000 0.004
21 27 1000000000 0.004
23 27 1000000000 0.004
24 27 1000000000 0.004
25 27 1000000000 0.004
29 27 1000000000 0.004
31 27 1000000000 0.004
35 27 1000000000 0.004
37 27 1000000000 0.004
39 27 1000000000 0.004
43 27 1000000000 0.004
45 27 1000000000 0.004
47 27 1000000000 0.004
50 27 1000000000 0.004
52 27 1000000000 0.004
53 27 1000000000 0.004
54 27 1000000000 0.004
55 27 1000000000 0.004
57 27 1000000000 0.004
63 27 1000000000 0.004
66 27 1000000000 0.004
68 27 1000000000 0.004
69 27 1000000000 0.004
70 27 1000000000 0.004
71 27 1000000000 0.004
74 27 1000000000 0.004
79 27 1000000000 0.004
0 28 1000000000 0.004
1 28 1000000000 0.004
7 28 1000000000 0.004
8 28 1000000000 0.004
10 28 1000000000 0.004
11 28 1000000000 0.004
12 28 1000000000 0.004
13 28 1000000000 0.004
16 28 1000000000 0.004
17 28 1000000000 0.004
21 28 1000000000 0.004
22 28 1000000000 0.004
23 28 1000000000 0.004
24 28 1000000000 0.004
26 28 1000000000 0.004
32 28 1000000000 0.004
35 28 1000000000 0.004
36 28 1000000000 0.004
47 28 1000000000 0.004
49 28 1000000000 0.004
51 28 1000000000 0.004
54 28 1000000000 0.004
62 28 1000000000 0.004
63 28 1000000000 0.004
64 28 1000000000 0.004
66 28 1000000000 0.004
71 28 1000000000 0.004
73 28 1000000000 0.004
1 29 1000000000 0.004
4 29 1000000000 0.004
5 29 1000000000 0.004
10 29 1000000000 0.004
16 29 1000000000 0.004
17 29 1000000000 0.004
23 29 1000000000 0.004
24 29 1000000000 0.004
27 29 1000000000 0.004
32 29 1000000000 0.004
35 29 1000000000 0.004
38 29 1000000000 0.004
40 29 1000000000 0.004
43 29 1000000000 0.004
44 29 1000000000 0.004
47 29 1000000000 0.004
49 29 1000000000 0.004
56 29 1000000000 0.004
57 29 1000000000 0.004
58 29 1000000000 0.004
59 29 1000000000 0.004
60 29 1000000000 0.004
64 29 1000000000 0.004
65 29 1000000000 0.004
68 29 1000000000 0.004
3 30 1000000000 0.004
7 30 1000000000 0.004
9 30 1000000000 0.004
14 30 1000000000 0.004
15 30 1000000000 0.004
16 30 1000000000 0.004
17 30 1000000000 0.004
19 30 1000000000 0.004
23 30 1000000000 0.004
25 30 1000000000 0.004
27 30 1000000000 0.004
29 30 1000000000 0.004
33 30 1000000000 0.004
37 30 1000000000 0.004
39 30 1000000000 0.004
48 30 1000000000 0.004
52 30 1000000000 0.004
53 30 1000000000 0.004
55 30 1000000000 0.004
57 30 1000000000 0.004
58 30 1000000000 0.004
59 30 1000000000 0.004
60 30 1000000000 0.004
61 30 1000000000 0.004
63 30 1000000000 0.004
64 30 1000000000 0.004
66 30 1000000000 0.004
67 30 1000000000 0.004
71 30 1000000000 0.004
72 30 1000000000 0.004
78 30 1000000000 0.004
79 30 1000000000 0.004
3 31 1000000000 0.004
7 31 1000000000 0.004
14 31 1000000000 0.004
18 31 1000000000 0.004
20 31 1000000000 0.004
22 31 1000000000 0.004
23 31 1000000000 0.004
28 31 1000000000 0.004
29 31 1000000000 0.004
32 31 1000000000 0.004
33 31 1000000000 0.004
34 31 1000000000 0.004
37 31 1000000000 0.004
38 31 1000000000 0.004
39 31 1000000000 0.004
40 31 1000000000 0.004
51 31 1000000000 0.004
52 31 1000000000 0.004
53 31 1000000000 0.004
54 31 1000000000 0.004
60 31 1000000000 0.004
62 31 1000000000 0.004
63 31 1000000000 0.004
64 31 1000000000 0.004
65 31 1000000000 0.004
70 31 1000000000 0.004
73 31 1000000000 0.004
74 31 1000000000 0.004
75 31 1000000000 0.004
78 31 1000000000 0.004
0 32 1000000000 0.004
2 32 1000000000 0.004
3 32 1000000000 0.004
4 32 1000000000 0.004
7 32 1000000000 0.004
10 32 1000000000 0.004
11 32 1000000000 0.004
13 32 1000000000 0.004
17 32 1000000000 0.004
21 32 1000000000 0.004
22 32 1000000000 0.004
23 32 1000000000 0.004
24 32 1000000000 0.004
25 32 1000000000 0.004
27 32 1000000000 0.004
30 32 1000000000 0.004
31 32 1000000000 0.004
33 32 1000000000 0.004
35 32 1000000000 0.004
37 32 1000000000 0.004
38 32 1000000000 0.004
50 32 1000000000 0.004
51 32 1000000000 0.004
52 32 1000000000 0.004
54 32 1000000000 0.004
56 32 1000000000 0.004
57 32 1000000000 0.004
63 32 1000000000 0.004
65 32 1000000000 0.004
69 32 1000000000 0.004
70 32 1000000000 0.004
71 32 1000000000 0.004
72 32 1000000000 0.004
76 32 1000000000 0.004
78 32 1000000000 0.004
2 33 1000000000 0.004
3 33 1000000000 0.004
6 33 1000000000 0.004
8 33 1000000000 0.004
9 33 1000000000 0.004
10 33 1000000000 0.004
11 33 1000000000 0.004
12 33 1000000000 0.004
22 33 1000000000 0.004
23 33 1000000000 0.004
24 33 1000000000 0.004
26 33 1000000000 0.004
29 33 1000000000 0.004
30 33 1000000000 0.004
32 33 1000000000 0.004
36 33 1000000000 0.004
37 33 1000000000 0.004
39 33 1000000000 0.004
41 33 1000000000 0.004
43 33 1000000000 0.004
49 33 1000000000 0.004
51 33 1000000000 0.004
52 33 1000000000 0.004
59 33 1000000000 0.004
60 33 1000000000 0.004
66 33 1000000000 0.004
67 33 1000000000 0.004
71 33 1000000000 0.004
2 34 1000000000 0.004
3 34 1000000000 0.004
4 34 1000000000 0.004
12 34 1000000000 0.004
14 34 1000000000 0.004
16 34 1000000000 0.004
18 34 1000000000 0.004
19 34 1000000000 0.004
21 34 1000000000 0.004
22 34 1000000000 0.004
23 34 1000000000 0.004
25 34 1000000000 0.004
28 34 1000000000 0.004
29 34 1000000000 0.004
33 34 1000000000 0.004
35 34 1000000000 0.004
41 34 1000000000 0.004
42 34 1000000000 0.004
43 34 1000000000 0.004
47 34 1000000000 0.004
52 34 1000000000 0.004
61 34 1000000000 0.004
64 34 1000000000 0.004
66 34 1000000000 0.004
67 34 1000000000 0.004
71 34 1000000000 0.004
73 34 1000000000 0.004
74 34 1000000000 0.004
78 34 1000000000 0.004
1 35 1000000000 0.004
5 35 1000000000 0.004
6 35 1000000000 0.004
8 35 1000000000 0.004
9 35 1000000000 0.004
10 35 1000000000 0.004
11 35 1000000000 0.004
13 35 1000000000 0.004
15 35 1000000000 0.004
16 35 1000000000 0.004
17 35 1000000000 0.004
18 35 1000000000 0.004
20 35 1000000000 0.004
24 35 1000000000 0.004
25 35 1000000000 0.004
26 35 1000000000 0.004
27 35 1000000000 0.004
28 35 1000000000 0.004
29 35 1000000000 0.004
30 35 1000000000 0.004
31 35 1000000000 0.004
32 35 1000000000 0.004
37 35 1000000000 0.004
38 35 1000000000 0.004
47 35 1000000000 0.004
51 35 1000000000 0.004
52 35 1000000000 0.004
54 35 1000000000 0.004
57 35 1000000000 0.004
58 35 1000000000 0.004
61 35 1000000000 0.004
63 35 1000000000 0.004
64 35 1000000000 0.004
67 35 1000000000 0.004
69 35 1000000000 0.004
71 35 1000000000 0.004
72 35 1000000000 0.004
75 35 1000000000 0.004
76 35 1000000000 0.004
1 36 1000000000 0.004
10 36 1000000000 0.004
14 36 1000000000 0.004
17 36 1000000000 0.004
20 36 1000000000 0.004
24 36 1000000000 0.004
28 36 1000000000 0.004
30 36 1000000000 0.004
31 36 1000000000 0.004
33 36 1000000000 0.004
34 36 1000000000 0.004
38 36 1000000000 0.004
41 36 1000000000 0.004
42 36 1000000000 0.004
46 36 1000000000 0.004
52 36 1000000000 0.004
57 36 1000000000 0.004
63 36 1000000000 0.004
67 36 1000000000 0.004
70 36 1000000000 0.004
73 36 1000000000 0.004
75 36 1000000000 0.004
76 36 1000000000 0.004
2 37 1000000000 0.004
3 37 1000000000 0.004
4 37 1000000000 0.004
10 37 1000000000 0.004
12 37 1000000000 0.004
14 37 1000000000 0.004
16 37 1000000000 0.004
21 37 1000000000 0.004
22 37 1000000000 0.004
23 37 1000000000 0.004
24 37 1000000000 0.004
27 37 1000000000 0.004
28 37 1000000000 0.004
30 37 1000000000 0.004
35 37 1000000000 0.004
39 37 1000000000 0.004
40 37 1000000000 0.004
46 37 1000000000 0.004
48 37 1000000000 0.004
49 37 1000000000 0.004
51 37 1000000000 0.004
56 37 1000000000 0.004
57 37 1000000000 0.004
58 37 1000000000 0.004
59 37 1000000000 0.004
63 37 1000000000 0.004
69 37 1000000000 0.004
70 37 1000000000 0.004
74 37 1000000000 0.004
76 37 1000000000 0.004
1 38 1000000000 0.004
3 38 1000000000 0.004
6 38 1000000000 0.004
7 38 1000000000 0.004
8 38 1000000000 0.004
11 38 1000000000 0.004
12 38 1000000000 0.004
13 38 1000000000 0.004
17 38 1000000000 0.004
20 38 1000000000 0.004
22 38 1000000000 0.004
24 38 1000000000 0.004
25 38 1000000000 0.004
32 38 1000000000 0.004
34 38 1000000000 0.004
36 38 1000000000 0.004
40 38 1000000000 0.004
42 38 1000000000 0.004
44 38 1000000000 0.004
47 38 1000000000 0.004
49 38 1000000000 0.004
50 38 1000000000 0.004
55 38 1000000000 0.004
56 38 1000000000 0.004
57 38 1000000000 0.004
68 38 1000000000 0.004
70 38 1000000000 0.004
78 38 1000000000 0.004
79 38 1000000000 0.004
0 39 1000000000 0.004
3 39 1000000000 0.004
7 39 1000000000 0.004
8 39 1000000000 0.004
9 39 1000000000 0.004
11 39 1000000000 0.004
12 39 1000000000 0.004
14 39 1000000000 0.004
15 39 1000000000 0.004
22 39 1000000000 0.004
26 39 1000000000 0.004
27 39 1000000000 0.004
28 39 1000000000 0.004
32 39 1000000000 0.004
40 39 1000000000 0.004
42 39 1000000000 0.004
43 39 1000000000 0.004
46 39 1000000000 0.004
47 39 1000000000 0.004
51 39 1000000000 0.004
52 39 1000000000 0.004
53 39 1000000000 0.004
54 39 1000000000 0.004
55 39 1000000000 0.004
57 39 1000000000 0.004
59 39 1000000000 0.004
61 39 1000000000 0.004
63 39 1000000000 0.004
65 39 1000000000 0.004
66 39 1000000000 0.004
67 39 1000000000 0.004
69 39 1000000000 0.004
72 39 1000000000 0.004
73 39 1000000000 0.004
74 39 1000000000 0.004
76 39 1000000000 0.004
77 39 1000000000 0.004
78 39 1000000000 0.004
4 40 1000000000 0.004
10 40 1000000000 0.004
12 40 1000000000 0.004
14 40 1000000000 0.004
15 40 1000000000 0.004
16 40 1000000000 0.004
19 40 1000000000 0.004
23 40 1000000000 0.004
27 40 1000000000 0.004
28 40 1000000000 0.004
31 40 1000000000 0.004
33 40 1000000000 0.004
34 40 1000000000 0.004
37 40 1000000000 0.004
38 40 1000000000 0.004
39 40 1000000000 0.004
42 40 1000000000 0.004
44 40 1000000000 0.004
54 40 1000000000 0.004
66 40 1000000000 0.004
67 40 1000000000 0.004
70 40 1000000000 0.004
77 40 1000000000 0.004
79 40 1000000000 0.004
0 41 1000000000 0.004
1 41 1000000000 0.004
2 41 1000000000 0.004
8 41 1000000000 0.004
10 41 1000000000 0.004
15 41 1000000000 0.004
19 41 1000000000 0.004
20 41 1000000000 0.004
21 41 1000000000 0.004
26 41 1000000000 0.004
29 41 1000000000 0.004
34 41 1000000000 0.004
37 41 1000000000 0.004
40 41 1000000000 0.004
42 41 1000000000 0.004
44 41 1000000000 0.004
45 41 1000000000 0.004
46 41 1000000000 0.004
48 41 1000000000 0.004
49 41 1000000000 0.004
50 41 1000000000 0.004
51 41 1000000000 0.004
61 41 1000000000 0.004
66 41 1000000000 0.004
73 41 1000000000 0.004
76 41 1000000000 0.004
78 41 1000000000 0.004
79 41 1000000000 0.004
2 42 1000000000 0.004
3 42 1000000000 0.004
4 42 1000000000 0.004
5 42 1000000000 0.004
6 42 1000000000 0.004
14 42 1000000000 0.004
18 42 1000000000 0.004
21 42 1000000000 0.004
22 42 1000000000 0.004
23 42 1000000000 0.004
27 42 1000000000 0.004
28 42 1000000000 0.004
29 42 1000000000 0.004
30 42 1000000000 0.004
31 42 1000000000 0.004
34 42 1000000000 0.004
39 42 1000000000 0.004
41 42 1000000000 0.004
52 42 1000000000 0.004
54 42 1000000000 0.004
55 42 1000000000 0.004
56 42 1000000000 0.004
59 42 1000000000 0.004
61 42 1000000000 0.004
62 42 1000000000 0.004
63 42 1000000000 0.004
64 42 1000000000 0.004
65 42 1000000000 0.004
67 42 1000000000 0.004
68 42 1000000000 0.004
70 42 1000000000 0.004
72 42 1000000000 0.004
74 42 1000000000 0.004
76 42 1000000000 0.004
79 42 1000000000 0.004
0 43 1000000000 0.004
1 43 1000000000 0.004
2 43 1000000000 0.004
8 43 1000000000 0.004
9 43 1000000000 0.004
10 43 1000000000 0.004
14 43 1000000000 0.004
16 43 1000000000 0.004
17 43 1000000000 0.004
19 43 1000000000 0.004
22 43 1000000000 0.004
23 43 1000000000 0.004
25 43 1000000000 0.004
26 43 1000000000 0.004
27 43 1000000000 0.004
28 43 1000000000 0.004
33 43 1000000000 0.004
35 43 1000000000 0.004
37 43 1000000000 0.004
38 43 1000000000 0.004
40 43 1000000000 0.004
42 43 1000000000 0.004
44 43 1000000000 0.004
46 43 1000000000 0.004
47 43 1000000000 0.004
48 43 1000000000 0.004
53 43 1000000000 0.004
54 43 1000000000 0.004
58 43 1000000000 0.004
60 43 1000000000 0.004
62 43 1000000000 0.004
64 43 1000000000 0.004
65 43 1000000000 0.004
66 43 1000000000 0.004
70 43 1000000000 0.004
72 43 1000000000 0.004
74 43 1000000000 0.004
76 43 1000000000 0.004
77 43 1000000000 0.004
78 43 1000000000 0.004
2 44 1000000000 0.004
3 44 1000000000 0.004
6 44 1000000000 0.004
7 44 1000000000 0.004
8 44 1000000000 0.004
12 44 1000000000 0.004
14 44 1000000000 0.004
17 44 1000000000 0.004
18 44 1000000000 0.004
19 44 1000000000 0.004
20 44 1000000000 0.004
21 44 1000000000 0.004
23 44 1000000000 0.004
28 44 1000000000 0.004
33 44 1000000000 0.004
34 44 1000000000 0.004
37 44 1000000000 0.004
39 44 1000000000 0.004
40 44 1000000000 0.004
41 44 1000000000 0.004
43 44 1000000000 0.004
47 44 1000000000 0.004
50 44 1000000000 0.004
54 44 1000000000 0.004
59 44 1000000000 0.004
63 44 1000000000 0.004
65 44 1000000000 0.004
66 44 1000000000 0.004
67 44 1000000000 0.004
75 44 1000000000 0.004
77 44 1000000000 0.004
78 44 1000000000 0.004
0 45 1000000000 0.004
1 45 1000000000 0.004
2 45 1000000000 0.004
3 45 1000000000 0.004
6 45 1000000000 0.004
11 45 1000000000 0.004
18 45 1000000000 0.004
25 45 1000000000 0.004
26 45 1000000000 0.004
27 45 1000000000 0.004
28 45 1000000000 0.004
35 45 1000000000 0.004
40 45 1000000000 0.004
42 45 1000000000 0.004
43 45 1000000000 0.004
46 45 1000000000 0.004
47 45 1000000000 0.004
50 45 1000000000 0.004
51 45 1000000000 0.004
53 45 1000000000 0.004
56 45 1000000000 0.004
57 45 1000000000 0.004
59 45 1000000000 0.004
60 45 1000000000 0.004
61 45 1000000000 0.004
62 45 1000000000 0.004
65 45 1000000000 0.004
66 45 1000000000 0.004
69 45 1000000000 0.004
70 45 1000000000 0.004
71 45 1000000000 0.004
74 45 1000000000 0.004
75 45 1000000000 0.004
79 45 1000000000 0.004
2 46 1000000000 0.004
3 46 1000000000 0.004
5 46 1000000000 0.004
17 46 1000000000 0.004
18 46 1000000000 0.004
19 46 1000000000 0.004
20 46 1000000000 0.004
22 46 1000000000 0.004
24 46 1000000000 0.004
28 46 1000000000 0.004
29 46 1000000000 0.004
30 46 1000000000 0.004
32 46 1000000000 0.004
33 46 1000000000 0.004
35 46 1000000000 0.004
36 46 1000000000 0.004
37 46 1000000000 0.004
44 46 1000000000 0.004
45 46 1000000000 0.004
47 46 1000000000 0.004
50 46 1000000000 0.004
56 46 1000000000 0.004
58 46 1000000000 0.004
60 46 1000000000 0.004
61 46 1000000000 0.004
63 46 1000000000 0.004
64 46 1000000000 0.004
65 46 1000000000 0.004
67 46 1000000000 0.004
72 46 1000000000 0.004
76 46 1000000000 0.004
77 46 1000000000 0.004
78 46 1000000000 0.004
0 47 1000000000 0.004
1 47 1000000000 0.004
3 47 1000000000 0.004
6 47 1000000000 0.004
8 47 1000000000 0.004
13 47 1000000000 0.004
14 47 1000000000 0.004
15 47 1000000000 0.004
18 47 1000000000 0.004
24 47 1000000000 0.004
29 47 1000000000 0.004
31 47 1000000000 0.004
32 47 1000000000 0.004
37 47 1000000000 0.004
43 47 1000000000 0.004
48 47 1000000000 0.004
50 47 1000000000 0.004
51 47 1000000000 0.004
57 47 1000000000 0.004
58 47 1000000000 0.004
59 47 1000000000 0.004
60 47 1000000000 0.004
61 47 1000000000 0.004
62 47 1000000000 0.004
68 47 1000000000 0.004
69 47 1000000000 0.004
73 47 1000000000 0.004
76 47 1000000000 0.004
4 48 1000000000 0.004
7 48 1000000000 0.004
9 48 1000000000 0.004
10 48 1000000000 0.004
11 48 1000000000 0.004
13 48 1000000000 0.004
19 48 1000000000 0.004
21 48 1000000000 0.004
22 48 1000000000 0.004
24 48 1000000000 0.004
26 48 1000000000 0.004
28 48 1000000000 0.004
35 48 1000000000 0.004
37 48 1000000000 0.004
39 48 1000000000 0.004
42 48 1000000000 0.004
43 48 1000000000 0.004
46 48 1000000000 0.004
51 48 1000000000 0.004
52 48 1000000000 0.004
53 48 1000000000 0.004
54 48 1000000000 0.004
56 48 1000000000 0.004
60 48 1000000000 0.004
64 48 1000000000 0.004
70 48 1000000000 0.004
0 49 1000000000 0.004
1 49 1000000000 0.004
2 49 1000000000 0.004
7 49 1000000000 0.004
8 49 1000000000 0.004
13 49 1000000000 0.004
14 49 1000000000 0.004
15 49 1000000000 0.004
17 49 1000000000 0.004
18 49 1000000000 0.004
21 49 1000000000 0.004
22 49 1000000000 0.004
23 49 1000000000 0.004
24 49 1000000000 0.004
25 49 1000000000 0.004
26 49 1000000000 0.004
30 49 1000000000 0.004
34 49 1000000000 0.004
35 49 1000000000 0.004
36 49 1000000000 0.004
37 49 1000000000 0.004
40 49 1000000000 0.004
42 49 1000000000 0.004
51 49 1000000000 0.004
57 49 1000000000 0.004
58 49 1000000000 0.004
64 49 1000000000 0.004
65 49 1000000000 0.004
66 49 1000000000 0.004
67 49 1000000000 0.004
71 49 1000000000 0.004
72 49 1000000000 0.004
73 49 1000000000 0.004
74 49 1000000000 0.004
75 49 1000000000 0.004
76 49 1000000000 0.004
77 49 1000000000 0.004
2 50 1000000000 0.004
3 50 1000000000 0.004
4 50 1000000000 0.004
7 50 1000000000 0.004
9 50 1000000000 0.004
10 50 1000000000 0.004
13 50 1000000000 0.004
16 50 1000000000 0.004
20 50 1000000000 0.004
21 50 1000000000 0.004
22 50 1000000000 0.004
23 50 1000000000 0.004
26 50 1000000000 0.004
28 50 1000000000 0.004
29 50 1000000000 0.004
32 50 1000000000 0.004
34 50 1000000000 0.004
35 50 1000000000 0.004
36 50 1000000000 0.004
46 50 1000000000 0.004
51 50 1000000000 0.004
55 50 1000000000 0.004
57 50 1000000000 0.004
62 50 1000000000 0.004
65 50 1000000000 0.004
68 50 1000000000 0.004
71 50 1000000000 0.004
73 50 1000000000 0.004
75 50 1000000000 0.004
79 50 1000000000 0.004
3 51 1000000000 0.004
4 51 1000000000 0.004
7 51 1000000000 0.004
10 51 1000000000 0.004
15 51 1000000000 0.004
17 51 1000000000 0.004
18 51 1000000000 0.004
19 51 1000000000 0.004
20 51 1000000000 0.004
21 51 1000000000 0.004
23 51 1000000000 0.004
24 51 1000000000 0.004
30 51 1000000000 0.004
36 51 1000000000 0.004
37 51 1000000000 0.004
39 51 1000000000 0.004
40 51 1000000000 0.004
42 51 1000000000 0.004
46 51 1000000000 0.004
47 51 1000000000 0.004
50 51 1000000000 0.004
53 51 1000000000 0.004
55 51 1000000000 0.004
57 51 1000000000 0.004
58 51 1000000000 0.004
62 51 1000000000 0.004
63 51 1000000000 0.004
66 51 1000000000 0.004
67 51 1000000000 0.004
68 51 1000000000 0.004
72 51 1000000000 0.004
77 51 1000000000 0.004
1 52 1000000000 0.004
4 52 1000000000 0.004
5 52 1000000000 0.004
6 52 1000000000 0.004
7 52 1000000000 0.004
12 52 1000000000 0.004
14 52 1000000000 0.004
15 52 1000000000 0.004
16 52 1000000000 0.004
17 52 1000000000 0.004
18 52 1000000000 0.004
20 52 1000000000 0.004
22 52 1000000000 0.004
23 52 1000000000 0.004
24 52 1000000000 0.004
26 52 1000000000 0.004
27 52 1000000000 0.004
28 52 1000000000 0.004
30 52 1000000000 0.004
31 52 1000000000 0.004
33 52 1000000000 0.004
35 52 1000000000 0.004
38 52 1000000000 0.004
39 52 1000000000 0.004
41 52 1000000000 0.004
42 52 1000000000 0.004
45 52 1000000000 0.004
46 52 1000000000 0.004
48 52 1000000000 0.004
50 52 1000000000 0.004
54 52 1000000000 0.004
56 52 1000000000 0.004
59 52 1000000000 0.004
65 52 1000000000 0.004
66 52 1000000000 0.004
69 52 1000000000 0.004
70 52 1000000000 0.004
73 52 1000000000 0.004
74 52 1000000000 0.004
75 52 1000000000 0.004
5 53 1000000000 0.004
8 53 1000000000 0.004
12 53 1000000000 0.004
16 53 1000000000 0.004
17 53 1000000000 0.004
18 53 1000000000 0.004
23 53 1000000000 0.004
25 53 1000000000 0.004
32 53 1000000000 0.004
34 53 1000000000 0.004
35 53 1000000000 0.004
39 53 1000000000 0.004
41 53 1000000000 0.004
45 53 1000000000 0.004
46 53 1000000000 0.004
48 53 1000000000 0.004
49 53 1000000000 0.004
52 53 1000000000 0.004
55 53 1000000000 0.004
57 53 1000000000 0.004
58 53 1000000000 0.004
65 53 1000000000 0.004
66 53 1000000000 0.004
67 53 1000000000 0.004
69 53 1000000000 0.004
71 53 1000000000 0.004
75 53 1000000000 0.004
76 53 1000000000 0.004
79 53 1000000000 0.004
2 54 1000000000 0.004
4 54 1000000000 0.004
9 54 1000000000 0.004
11 54 1000000000 0.004
13 54 1000000000 0.004
15 54 1000000000 0.004
16 54 1000000000 0.004
17 54 1000000000 0.004
18 54 1000000000 0.004
19 54 1000000000 0.004
21 54 1000000000 0.004
22 54 1000000000 0.004
24 54 1000000000 0.004
25 54 1000000000 0.004
26 54 1000000000 0.004
27 54 1000000000 0.004
32 54 1000000000 0.004
33 54 1000000000 0.004
35 54 1000000000 0.004
39 54 1000000000 0.004
40 54 1000000000 0.004
42 54 1000000000 0.004
45 54 1000000000 0.004
46 54 1000000000 0.004
48 54 1000000000 0.004
52 54 1000000000 0.004
55 54 1000000000 0.004
58 54 1000000000 0.004
62 54 1000000000 0.004
71 54 1000000000 0.004
73 54 1000000000 0.004
76 54 1000000000 0.004
78 54 1000000000 0.004
0 55 1000000000 0.004
2 55 1000000000 0.004
5 55 1000000000 0.004
6 55 1000000000 0.004
7 55 1000000000 0.004
8 55 1000000000 0.004
9 55 1000000000 0.004
13 55 1000000000 0.004
14 55 1000000000 0.004
16 55 1000000000 0.004
19 55 1000000000 0.004
21 55 1000000000 0.004
22 55 1000000000 0.004
24 55 1000000000 0.004
25 55 1000000000 0.004
28 55 1000000000 0.004
31 55 1000000000 0.004
36 55 1000000000 0.004
40 55 1000000000 0.004
42 55 1000000000 0.004
44 55 1000000000 0.004
45 55 1000000000 0.004
46 55 1000000000 0.004
48 55 1000000000 0.004
49 55 1000000000 0.004
50 55 1000000000 0.004
51 55 1000000000 0.004
53 55 1000000000 0.004
56 55 1000000000 0.004
58 55 1000000000 0.004
59 55 1000000000 0.004
61 55 1000000000 0.004
64 55 1000000000 0.004
66 55 1000000000 0.004
68 55 1000000000 0.004
71 55 1000000000 0.004
73 55 1000000000 0.004
79 55 1000000000 0.004
5 56 1000000000 0.004
7 56 1000000000 0.004
8 56 1000000000 0.004
9 56 1000000000 0.004
12 56 1000000000 0.004
14 56 1000000000 0.004
19 56 1000000000 0.004
26 56 1000000000 0.004
27 56 1000000000 0.004
29 56 1000000000 0.004
30 56 1000000000 0.004
33 56 1000000000 0.004
36 56 1000000000 0.004
37 56 1000000000 0.004
42 56 1000000000 0.004
43 56 1000000000 0.004
47 56 1000000000 0.004
48 56 1000000000 0.004
49 56 1000000000 0.004
50 56 1000000000 0.004
51 56 1000000000 0.004
52 56 1000000000 0.004
57 56 1000000000 0.004
61 56 1000000000 0.004
63 56 1000000000 0.004
64 56 1000000000 0.004
71 56 1000000000 0.004
72 56 1000000000 0.004
73 56 1000000000 0.004
77 56 1000000000 0.004
78 56 1000000000 0.004
79 56 1000000000 0.004
1 57 1000000000 0.004
3 57 1000000000 0.004
6 57 1000000000 0.004
9 57 1000000000 0.004
10 57 1000000000 0.004
13 57 1000000000 0.004
14 57 1000000000 0.004
20 57 1000000000 0.004
22 57 1000000000 0.004
23 57 1000000000 0.004
24 57 1000000000 0.004
25 57 1000000000 0.004
27 57 1000000000 0.004
28 57 1000000000 0.004
33 57 1000000000 0.004
37 57 1000000000 0.004
39 57 1000000000 0.004
42 57 1000000000 0.004
43 57 1000000000 0.004
44 57 1000000000 0.004
45 57 1000000000 0.004
51 57 1000000000 0.004
53 57 1000000000 0.004
54 57 1000000000 0.004
58 57 1000000000 0.004
61 57 1000000000 0.004
62 57 1000000000 0.004
65 57 1000000000 0.004
66 57 1000000000 0.004
68 57 1000000000 0.004
71 57 1000000000 0.004
73 57 1000000000 0.004
74 57 1000000000 0.004
78 57 1000000000 0.004
1 58 1000000000 0.004
3 58 1000000000 0.004
4 58 1000000000 0.004
5 58 1000000000 0.004
9 58 1000000000 0.004
10 58 1000000000 0.004
12 58 1000000000 0.004
15 58 1000000000 0.004
16 58 1000000000 0.004
18 58 1000000000 0.004
20 58 1000000000 0.004
21 58 1000000000 0.004
24 58 1000000000 0.004
27 58 1000000000 0.004
28 58 1000000000 0.004
30 58 1000000000 0.004
32 58 1000000000 0.004
33 58 1000000000 0.004
34 58 1000000000 0.004
35 58 1000000000 0.004
36 58 1000000000 0.004
38 58 1000000000 0.004
41 58 1000000000 0.004
42 58 1000000000 0.004
43 58 1000000000 0.004
44 58 1000000000 0.004
46 58 1000000000 0.004
47 58 1000000000 0.004
49 58 1000000000 0.004
59 58 1000000000 0.004
60 58 1000000000 0.004
61 58 1000000000 0.004
62 58 1000000000 0.004
64 58 1000000000 0.004
66 58 1000000000 0.004
67 58 1000000000 0.004
69 58 1000000000 0.004
70 58 1000000000 0.004
71 58 1000000000 0.004
72 58 1000000000 0.004
74 58 1000000000 0.004
78 58 1000000000 0.004
3 59 1000000000 0.004
7 59 1000000000 0.004
9 59 1000000000 0.004
11 59 1000000000 0.004
12 59 1000000000 0.004
13 59 1000000000 0.004
22 59 1000000000 0.004
24 59 1000000000 0.004
28 59 1000000000 0.004
33 59 1000000000 0.004
35 59 1000000000 0.004
36 59 1000000000 0.004
37 59 1000000000 0.004
39 59 1000000000 0.004
40 59 1000000000 0.004
43 59 1000000000 0.004
48 59 1000000000 0.004
49 59 1000000000 0.004
53 59 1000000000 0.004
58 59 1000000000 0.004
62 59 1000000000 0.004
63 59 1000000000 0.004
67 59 1000000000 0.004
69 59 1000000000 0.004
70 59 1000000000 0.004
71 59 1000000000 0.004
77 59 1000000000 0.004
0 60 1000000000 0.004
2 60 1000000000 0.004
4 60 1000000000 0.004
7 60 1000000000 0.004
9 60 1000000000 0.004
14 60 1000000000 0.004
16 60 1000000000 0.004
19 60 1000000000 0.004
21 60 1000000000 0.004
22 60 1000000000 0.004
24 60 1000000000 0.004
32 60 1000000000 0.004
39 60 1000000000 0.004
43 60 1000000000 0.004
44 60 1000000000 0.004
45 60 1000000000 0.004
47 60 1000000000 0.004
49 60 1000000000 0.004
50 60 1000000000 0.004
52 60 1000000000 0.004
54 60 1000000000 0.004
57 60 1000000000 0.004
58 60 1000000000 0.004
61 60 1000000000 0.004
62 60 1000000000 0.004
65 60 1000000000 0.004
66 60 1000000000 0.004
67 60 1000000000 0.004
69 60 1000000000 0.004
70 60 1000000000 0.004
75 60 1000000000 0.004
76 60 1000000000 0.004
2 61 1000000000 0.004
8 61 1000000000 0.004
9 61 1000000000 0.004
12 61 1000000000 0.004
16 61 1000000000 0.004
19 61 1000000000 0.004
20 61 1000000000 0.004
22 61 1000000000 0.004
24 61 1000000000 0.004
26 61 1000000000 0.004
27 61 1000000000 0.004
29 61 1000000000 0.004
33 61 1000000000 0.004
34 61 1000000000 0.004
35 61 1000000000 0.004
42 61 1000000000 0.004
45 61 1000000000 0.004
50 61 1000000000 0.004
51 61 1000000000 0.004
52 61 1000000000 0.004
54 61 1000000000 0.004
60 61 1000000000 0.004
62 61 1000000000 0.004
63 61 1000000000 0.004
65 61 1000000000 0.004
66 61 1000000000 0.004
69 61 1000000000 0.004
72 61 1000000000 0.004
73 61 1000000000 0.004
0 62 1000000000 0.004
2 62 1000000000 0.004
6 62 1000000000 0.004
7 62 1000000000 0.004
10 62 1000000000 0.004
12 62 1000000000 0.004
15 62 1000000000 0.004
19 62 1000000000 0.004
23 62 1000000000 0.004
25 62 1000000000 0.004
28 62 1000000000 0.004
31 62 1000000000 0.004
32 62 1000000000 0.004
35 62 1000000000 0.004
37 62 1000000000 0.004
38 62 1000000000 0.004
39 62 1000000000 0.004
40 62 1000000000 0.004
41 62 1000000000 0.004
42 62 1000000000 0.004
43 62 1000000000 0.004
52 62 1000000000 0.004
53 62 1000000000 0.004
56 62 1000000000 0.004
58 62 1000000000 0.004
59 62 1000000000 0.004
64 62 1000000000 0.004
67 62 1000000000 0.004
69 62 1000000000 0.004
71 62 1000000000 0.004
4 63 1000000000 0.004
7 63 1000000000 0.004
9 63 1000000000 0.004
15 63 1000000000 0.004
16 63 1000000000 0.004
18 63 1000000000 0.004
23 63 1000000000 0.004
25 63 1000000000 0.004
26 63 1000000000 0.004
32 63 1000000000 0.004
36 63 1000000000 0.004
38 63 1000000000 0.004
39 63 1000000000 0.004
40 63 1000000000 0.004
44 63 1000000000 0.004
48 63 1000000000 0.004
51 63 1000000000 0.004
52 63 1000000000 0.004
57 63 1000000000 0.004
60 63 1000000000 0.004
62 63 1000000000 0.004
65 63 1000000000 0.004
66 63 1000000000 0.004
67 63 1000000000 0.004
68 63 1000000000 0.004
70 63 1000000000 0.004
75 63 1000000000 0.004
76 63 1000000000 0.004
77 63 1000000000 0.004
79 63 1000000000 0.004
2 64 1000000000 0.004
4 64 1000000000 0.004
9 64 1000000000 0.004
10 64 1000000000 0.004
11 64 1000000000 0.004
15 64 1000000000 0.004
17 64 1000000000 0.004
18 64 1000000000 0.004
19 64 1000000000 0.004
21 64 1000000000 0.004
22 64 1000000000 0.004
23 64 1000000000 0.004
25 64 1000000000 0.004
27 64 1000000000 0.004
30 64 1000000000 0.004
31 64 1000000000 0.004
33 64 1000000000 0.004
36 64 1000000000 0.004
39 64 1000000000 0.004
40 64 1000000000 0.004
43 64 1000000000 0.004
44 64 1000000000 0.004
45 64 1000000000 0.004
52 64 1000000000 0.004
53 64 1000000000 0.004
56 64 1000000000 0.004
59 64 1000000000 0.004
61 64 1000000000 0.004
63 64 1000000000 0.004
65 64 1000000000 0.004
66 64 1000000000 0.004
68 64 1000000000 0.004
69 64 1000000000 0.004
70 64 1000000000 0.004
71 64 1000000000 0.004
72 64 1000000000 0.004
73 64 1000000000 0.004
75 64 1000000000 0.004
76 64 1000000000 0.004
0 65 1000000000 0.004
6 65 1000000000 0.004
9 65 1000000000 0.004
10 65 1000000000 0.004
12 65 1000000000 0.004
14 65 1000000000 0.004
15 65 1000000000 0.004
17 65 1000000000 0.004
18 65 1000000000 0.004
20 65 1000000000 0.004
21 65 1000000000 0.004
24 65 1000000000 0.004
28 65 1000000000 0.004
29 65 1000000000 0.004
33 65 1000000000 0.004
37 65 1000000000 0.004
38 65 1000000000 0.004
40 65 1000000000 0.004
42 65 1000000000 0.004
43 65 1000000000 0.004
47 65 1000000000 0.004
49 65 1000000000 0.004
50 65 1000000000 0.004
51 65 1000000000 0.004
60 65 1000000000 0.004
61 65 1000000000 0.004
62 65 1000000000 0.004
63 65 1000000000 0.004
64 65 1000000000 0.004
68 65 1000000000 0.004
69 65 1000000000 0.004
70 65 1000000000 0.004
72 65 1000000000 0.004
79 65 1000000000 0.004
1 66 1000000000 0.004
2 66 1000000000 0.004
3 66 1000000000 0.004
4 66 1000000000 0.004
7 66 1000000000 0.004
10 66 1000000000 0.004
11 66 1000000000 0.004
14 66 1000000000 0.004
15 66 1000000000 0.004
23 66 1000000000 0.004
26 66 1000000000 0.004
27 66 1000000000 0.004
29 66 1000000000 0.004
30 66 1000000000 0.004
31 66 1000000000 0.004
32 66 1000000000 0.004
35 66 1000000000 0.004
46 66 1000000000 0.004
53 66 1000000000 0.004
56 66 1000000000 0.004
57 66 1000000000 0.004
58 66 1000000000 0.004
65 66 1000000000 0.004
67 66 1000000000 0.004
68 66 1000000000 0.004
69 66 1000000000 0.004
73 66 1000000000 0.004
74 66 1000000000 0.004
78 66 1000000000 0.004
4 67 1000000000 0.004
5 67 1000000000 0.004
6 67 1000000000 0.004
7 67 1000000000 0.004
9 67 1000000000 0.004
11 67 1000000000 0.004
15 67 1000000000 0.004
16 67 1000000000 0.004
17 67 1000000000 0.004
22 67 1000000000 0.004
30 67 1000000000 0.004
31 67 1000000000 0.004
34 67 1000000000 0.004
35 67 1000000000 0.004
37 67 1000000000 0.004
38 67 1000000000 0.004
42 67 1000000000 0.004
43 67 1000000000 0.004
47 67 1000000000 0.004
51 67 1000000000 0.004
54 67 1000000000 0.004
56 67 1000000000 0.004
58 67 1000000000 0.004
66 67 1000000000 0.004
69 67 1000000000 0.004
71 67 1000000000 0.004
72 67 1000000000 0.004
76 67 1000000000 0.004
77 67 1000000000 0.004
78 67 1000000000 0.004
0 68 1000000000 0.004
1 68 1000000000 0.004
3 68 1000000000 0.004
9 68 1000000000 0.004
10 68 1000000000 0.004
11 68 1000000000 0.004
12 68 1000000000 0.004
14 68 1000000000 0.004
17 68 1000000000 0.004
19 68 1000000000 0.004
20 68 1000000000 0.004
21 68 1000000000 0.004
26 68 1000000000 0.004
27 68 1000000000 0.004
28 68 1000000000 0.004
33 68 1000000000 0.004
34 68 1000000000 0.004
35 68 1000000000 0.004
41 68 1000000000 0.004
42 68 1000000000 0.004
44 68 1000000000 0.004
47 68 1000000000 0.004
50 68 1000000000 0.004
51 68 1000000000 0.004
57 68 1000000000 0.004
59 68 1000000000 0.004
60 68 1000000000 0.004
62 68 1000000000 0.004
63 68 1000000000 0.004
65 68 1000000000 0.004
66 68 1000000000 0.004
70 68 1000000000 0.004
71 68 1000000000 0.004
75 68 1000000000 0.004
77 68 1000000000 0.004
0 69 1000000000 0.004
2 69 1000000000 0.004
7 69 1000000000 0.004
9 69 1000000000 0.004
10 69 1000000000 0.004
16 69 1000000000 0.004
22 69 1000000000 0.004
23 69 1000000000 0.004
24 69 1000000000 0.004
27 69 1000000000 0.004
30 69 1000000000 0.004
31 69 1000000000 0.004
35 69 1000000000 0.004
38 69 1000000000 0.004
39 69 1000000000 0.004
40 69 1000000000 0.004
47 69 1000000000 0.004
48 69 1000000000 0.004
51 69 1000000000 0.004
52 69 1000000000 0.004
55 69 1000000000 0.004
56 69 1000000000 0.004
61 69 1000000000 0.004
66 69 1000000000 0.004
67 69 1000000000 0.004
71 69 1000000000 0.004
72 69 1000000000 0.004
73 69 1000000000 0.004
74 69 1000000000 0.004
75 69 1000000000 0.004
76 69 1000000000 0.004
77 69 1000000000 0.004
78 69 1000000000 0.004
79 69 1000000000 0.004
1 70 1000000000 0.004
3 70 1000000000 0.004
5 70 1000000000 0.004
6 70 1000000000 0.004
13 70 1000000000 0.004
14 70 1000000000 0.004
15 70 1000000000 0.004
19 70 1000000000 0.004
20 70 1000000000 0.004
21 70 1000000000 0.004
24 70 1000000000 0.004
26 70 1000000000 0.004
27 70 1000000000 0.004
32 70 1000000000 0.004
33 70 1000000000 0.004
35 70 1000000000 0.004
36 70 1000000000 0.004
37 70 1000000000 0.004
38 70 1000000000 0.004
39 70 1000000000 0.004
44 70 1000000000 0.004
47 70 1000000000 0.004
49 70 1000000000 0.004
50 70 1000000000 0.004
52 70 1000000000 0.004
55 70 1000000000 0.004
59 70 1000000000 0.004
60 70 1000000000 0.004
62 70 1000000000 0.004
67 70 1000000000 0.004
69 70 1000000000 0.004
73 70 1000000000 0.004
78 70 1000000000 0.004
79 70 1000000000 0.004
0 71 1000000000 0.004
1 71 1000000000 0.004
2 71 1000000000 0.004
4 71 1000000000 0.004
13 71 1000000000 0.004
15 71 1000000000 0.004
16 71 1000000000 0.004
19 71 1000000000 0.004
20 71 1000000000 0.004
23 71 1000000000 0.004
26 71 1000000000 0.004
29 71 1000000000 0.004
32 71 1000000000 0.004
33 71 1000000000 0.004
35 71 1000000000 0.004
36 71 1000000000 0.004
37 71 1000000000 0.004
39 71 1000000000 0.004
40 71 1000000000 0.004
41 71 1000000000 0.004
42 71 1000000000 0.004
45 71 1000000000 0.004
46 71 1000000000 0.004
48 71 1000000000 0.004
49 71 1000000000 0.004
50 71 1000000000 0.004
51 71 1000000000 0.004
53 71 1000000000 0.004
59 71 1000000000 0.004
60 71 1000000000 0.004
66 71 1000000000 0.004
67 71 1000000000 0.004
70 71 1000000000 0.004
74 71 1000000000 0.004
77 71 1000000000 0.004
0 72 1000000000 0.004
1 72 1000000000 0.004
7 72 1000000000 0.004
12 72 1000000000 0.004
13 72 1000000000 0.004
17 72 1000000000 0.004
20 72 1000000000 0.004
21 72 1000000000 0.004
23 72 1000000000 0.004
27 72 1000000000 0.004
29 72 1000000000 0.004
33 72 1000000000 0.004
35 72 1000000000 0.004
36 72 1000000000 0.004
39 72 1000000000 0.004
40 72 1000000000 0.004
41 72 1000000000 0.004
42 72 1000000000 0.004
43 72 1000000000 0.004
44 72 1000000000 0.004
52 72 1000000000 0.004
54 72 1000000000 0.004
55 72 1000000000 0.004
56 72 1000000000 0.004
58 72 1000000000 0.004
59 72 1000000000 0.004
61 72 1000000000 0.004
63 72 1000000000 0.004
66 72 1000000000 0.004
67 72 1000000000 0.004
71 72 1000000000 0.004
73 72 1000000000 0.004
75 72 1000000000 0.004
76 72 1000000000 0.004
77 72 1000000000 0.004
78 72 1000000000 0.004
79 72 1000000000 0.004
0 73 1000000000 0.004
2 73 1000000000 0.004
4 73 1000000000 0.004
7 73 1000000000 0.004
12 73 1000000000 0.004
13 73 1000000000 0.004
15 73 1000000000 0.004
17 73 1000000000 0.004
20 73 1000000000 0.004
22 73 1000000000 0.004
28 73 1000000000 0.004
29 73 1000000000 0.004
30 73 1000000000 0.004
33 73 1000000000 0.004
34 73 1000000000 0.004
36 73 1000000000 0.004
38 73 1000000000 0.004
45 73 1000000000 0.004
46 73 1000000000 0.004
49 73 1000000000 0.004
50 73 1000000000 0.004
56 73 1000000000 0.004
57 73 1000000000 0.004
58 73 1000000000 0.004
60 73 1000000000 0.004
62 73 1000000000 0.004
66 73 1000000000 0.004
70 73 1000000000 0.004
72 73 1000000000 0.004
75 73 1000000000 0.004
76 73 1000000000 0.004
3 74 1000000000 0.004
4 74 1000000000 0.004
7 74 1000000000 0.004
10 74 1000000000 0.004
11 74 1000000000 0.004
16 74 1000000000 0.004
17 74 1000000000 0.004
19 74 1000000000 0.004
22 74 1000000000 0.004
23 74 1000000000 0.004
27 74 1000000000 0.004
28 74 1000000000 0.004
29 74 1000000000 0.004
30 74 1000000000 0.004
31 74 1000000000 0.004
32 74 1000000000 0.004
33 74 1000000000 0.004
36 74 1000000000 0.004
37 74 1000000000 0.004
38 74 1000000000 0.004
40 74 1000000000 0.004
48 74 1000000000 0.004
49 74 1000000000 0.004
52 74 1000000000 0.004
56 74 1000000000 0.004
57 74 1000000000 0.004
58 74 1000000000 0.004
60 74 1000000000 0.004
61 74 1000000000 0.004
62 74 1000000000 0.004
63 74 1000000000 0.004
66 74 1000000000 0.004
68 74 1000000000 0.004
69 74 1000000000 0.004
71 74 1000000000 0.004
77 74 1000000000 0.004
78 74 1000000000 0.004
1 75 1000000000 0.004
3 75 1000000000 0.004
5 75 1000000000 0.004
6 75 1000000000 0.004
9 75 1000000000 0.004
10 75 1000000000 0.004
11 75 1000000000 0.004
12 75 1000000000 0.004
13 75 1000000000 0.004
14 75 1000000000 0.004
15 75 1000000000 0.004
16 75 1000000000 0.004
18 75 1000000000 0.004
19 75 1000000000 0.004
25 75 1000000000 0.004
32 75 1000000000 0.004
33 75 1000000000 0.004
35 75 1000000000 0.004
36 75 1000000000 0.004
38 75 1000000000 0.004
39 75 1000000000 0.004
42 75 1000000000 0.004
43 75 1000000000 0.004
47 75 1000000000 0.004
51 75 1000000000 0.004
54 75 1000000000 0.004
58 75 1000000000 0.004
59 75 1000000000 0.004
60 75 1000000000 0.004
63 75 1000000000 0.004
64 75 1000000000 0.004
67 75 1000000000 0.004
68 75 1000000000 0.004
73 75 1000000000 0.004
77 75 1000000000 0.004
79 75 1000000000 0.004
1 76 1000000000 0.004
7 76 1000000000 0.004
8 76 1000000000 0.004
11 76 1000000000 0.004
14 76 1000000000 0.004
20 76 1000000000 0.004
26 76 1000000000 0.004
29 76 1000000000 0.004
31 76 1000000000 0.004
33 76 1000000000 0.004
34 76 1000000000 0.004
37 76 1000000000 0.004
38 76 1000000000 0.004
39 76 1000000000 0.004
43 76 1000000000 0.004
46 76 1000000000 0.004
47 76 1000000000 0.004
49 76 1000000000 0.004
51 76 1000000000 0.004
54 76 1000000000 0.004
55 76 1000000000 0.004
57 76 1000000000 0.004
59 76 1000000000 0.004
60 76 1000000000 0.004
62 76 1000000000 0.004
66 76 1000000000 0.004
68 76 1000000000 0.004
70 76 1000000000 0.004
73 76 1000000000 0.004
77 76 1000000000 0.004
78 76 1000000000 0.004
79 76 1000000000 0.004
1 77 1000000000 0.004
2 77 1000000000 0.004
3 77 1000000000 0.004
6 77 1000000000 0.004
7 77 1000000000 0.004
12 77 1000000000 0.004
13 77 1000000000 0.004
18 77 1000000000 0.004
19 77 1000000000 0.004
20 77 1000000000 0.004
22 77 1000000000 0.004
24 77 1000000000 0.004
27 77 1000000000 0.004
28 77 1000000000 0.004
29 77 1000000000 0.004
32 77 1000000000 0.004
33 77 1000000000 0.004
34 77 1000000000 0.004
35 77 1000000000 0.004
39 77 1000000000 0.004
40 77 1000000000 0.004
41 77 1000000000 0.004
42 77 1000000000 0.004
47 77 1000000000 0.004
54 77 1000000000 0.004
57 77 1000000000 0.004
59 77 1000000000 0.004
60 77 1000000000 0.004
63 77 1000000000 0.004
64 77 1000000000 0.004
68 77 1000000000 0.004
76 77 1000000000 0.004
2 78 1000000000 0.004
3 78 1000000000 0.004
6 78 1000000000 0.004
10 78 1000000000 0.004
15 78 1000000000 0.004
16 78 1000000000 0.004
21 78 1000000000 0.004
23 78 1000000000 0.004
26 78 1000000000 0.004
27 78 1000000000 0.004
28 78 1000000000 0.004
29 78 1000000000 0.004
34 78 1000000000 0.004
37 78 1000000000 0.004
38 78 1000000000 0.004
42 78 1000000000 0.004
44 78 1000000000 0.004
46 78 1000000000 0.004
47 78 1000000000 0.004
48 78 1000000000 0.004
49 78 1000000000 0.004
50 78 1000000000 0.004
53 78 1000000000 0.004
54 78 1000000000 0.004
56 78 1000000000 0.004
57 78 1000000000 0.004
62 78 1000000000 0.004
69 78 1000000000 0.004
70 78 1000000000 0.004
71 78 1000000000 0.004
72 78 1000000000 0.004
73 78 1000000000 0.004
74 78 1000000000 0.004
1 79 1000000000 0.004
5 79 1000000000 0.004
8 79 1000000000 0.004
9 79 1000000000 0.004
11 79 1000000000 0.004
13 79 1000000000 0.004
14 79 1000000000 0.004
15 79 1000000000 0.004
18 79 1000000000 0.004
22 79 1000000000 0.004
28 79 1000000000 0.004
29 79 1000000000 0.004
31 79 1000000000 0.004
33 79 1000000000 0.004
34 79 1000000000 0.004
37 79 1000000000 0.004
38 79 1000000000 0.004
40 79 1000000000 0.004
42 79 1000000000 0.004
49 79 1000000000 0.004
56 79 1000000000 0.004
57 79 1000000000 0.004
58 79 1000000000 0.004
64 79 1000000000 0.004
65 79 1000000000 0.004
72 79 1000000000 0.004
74 79 1000000000 0.004
78 79 1000000000 0.004
